,iSST,deltaSST,LR,SR,DS,bw_cent,egvec_cent,ITM,pr05,Area,region,min_cover
0,26.78278951219697,3.61487476742424,1.0,1.0,1.5e-05,0.0,6.36484011934597e-19,0.0,0.0,19.0,2,3.4757905390532952e-06
1,27.539537610454545,3.5079053096969695,1.0,1.0,0.104407929,0.0,-8.989867005194105e-20,0.0,0.0,29.0,2,4.760515096779744e-06
2,28.46715029356061,3.6354214455303016,0.9996931963976918,1.0,0.01936092,0.0,-4.220163695314064e-19,5.905533932675784e-09,0.0,6.0,2,6.134134343424096e-06
3,28.58307373742424,3.7342486630303036,1.0,0.1440922190201729,1e-06,0.0,6.348413769487124e-20,0.0,0.0,30.0,2,5.316412994697954e-06
4,27.81286598,3.892179064015153,0.9220135628586332,1.0,7.668e-05,0.0,6.997232994468693e-20,6.198616599405827e-10,0.0,110.0,2,5.176374202975694e-06
5,28.673609237121216,3.81540123818181,0.9973512474188105,1.0,0.109915891,0.0,1.5679003462845252e-19,3.2020136506840675e-08,0.0,217.0,2,5.390029471812204e-06
6,28.260625787272726,4.063535895606055,0.9808376372506727,1.0,0.006713264,0.0,2.2509163492049014e-19,4.910255062808232e-08,0.0,244.0,2,6.0958859878245294e-06
7,28.170229939166667,4.061412948257576,0.8412895213695275,1.0,0.21024622500000004,0.0,3.432707534634591e-19,7.735430884668299e-06,0.004246934754714382,215.0,2,6.404306609181593e-06
8,28.14369480537879,4.089844705606058,0.04721851236416226,0.9936975074525501,0.214370286,5.027473664910008e-05,6.367071092685886e-20,8.323847041385562e-05,0.3747664310155373,450.0,2,5.093346814843566e-06
9,28.11874473598485,4.102045704393941,0.00020107215126984683,0.1722745625841184,0.06365874099999999,1.774402469968238e-05,-2.24343837826388e-19,0.00019445475804890722,0.44707803756282277,98.0,2,5.724661556781156e-06
10,28.09031775462121,4.138365807121211,0.006975105873607331,1.0,0.115828206,0.0,-9.629865801654806e-19,1.1828030091544895e-05,0.006876494314346886,162.0,2,7.108224513117587e-06
11,28.17399267333333,4.126637249393937,0.01148411005800405,0.020792877901559103,0.076992383,0.0,-2.46358481673873e-18,3.8745435606063606e-05,0.01751786277351618,149.0,2,6.118590032187015e-06
12,28.338309055454545,4.087620228712119,0.23175481415597773,0.47432304581875934,0.052969877000000005,8.87201234984119e-06,1.9263044663690164e-19,6.447034279822407e-06,0.00010892983572531232,112.0,2,5.73220069149877e-06
13,28.2123484,4.120476859848484,0.3203593541720184,0.9714208346889679,0.004445642,0.00013308018524761786,-2.4117373928871444e-19,3.2128898953965786e-05,0.034317428168979876,8.0,2,6.3941164775990775e-06
14,28.276902160454544,4.113661838712122,0.3705157181800623,0.9902501093724452,0.048383305,8.576278604846484e-05,8.137229668133006e-19,1.1302258978685601e-05,0.04835326979006498,115.0,2,6.049889143122226e-06
15,28.541258441060606,4.0549862212121255,0.9431784989621019,1.0,0.0025676900000000005,0.0,-2.402661866874909e-20,1.2613602181677554e-07,0.03762136394969797,112.0,2,6.822337966236831e-06
16,28.895674214772725,3.8147314241666734,0.009927529038022437,1.0,0.00010072999999999999,0.0,2.9680617042701714e-19,9.446083162333415e-08,0.0,5.0,2,5.409028840686613e-06
17,28.319727506666666,4.094706651969702,0.7712424948555996,0.5944903925111444,0.129010176,0.0,2.2512773693430944e-18,1.0703136955364535e-05,0.12242328853190618,437.0,2,5.571049634338435e-06
18,28.441940057500002,4.093753635378786,0.023830372086810474,0.045172306353988716,0.135968754,7.393343624867659e-05,6.756242474328523e-19,2.3421591462571626e-05,0.041719254116280274,566.0,2,5.899285693333132e-06
19,28.858873595454543,3.945316386363647,0.0012312890241665095,0.010515247108307046,0.0008121570000000001,0.0,4.1217058188268216e-20,1.0296010972260133e-06,0.0,5.0,2,5.690873798844071e-06
20,28.550986626666667,4.075955372121211,0.9900449524679285,0.869369999270114,0.027033220999999996,0.0002099709589462415,6.367771111534358e-19,5.987653076116786e-09,0.0005252796179929873,187.0,2,5.414524101868303e-06
21,28.889341922499998,3.923928456818178,0.8109198579388406,0.04849710781243255,0.001005764,0.0010350681074814722,3.7163429060504344e-19,-5.616106457651852e-09,0.0,85.0,2,5.837699928665685e-06
22,28.563233560075755,4.079467953863638,0.7880688299795514,0.07309423315947279,0.004977366,0.00010054947329820015,2.6564257313756087e-19,7.8362467478325e-08,0.0011672840614895509,45.0,2,4.9066083607936474e-06
23,28.87092722598485,3.93650056651515,0.8145868152597325,0.30946540560855496,0.055568497,0.0016294929349208321,-7.627151807918736e-19,4.765864308780714e-07,0.0,334.0,2,6.155825520120919e-06
24,28.907077966439395,3.9222334514393964,0.013514434068258216,0.777551209565298,0.013035617999999999,5.914674899894127e-06,-4.858956397219037e-19,1.290843900338569e-05,0.0,18.0,2,4.504403568025741e-06
25,28.90781520075758,3.9083208454545506,0.00962217004977116,0.38252996813514745,0.01178996,3.25307119494177e-05,1.379778139704936e-19,-1.655654869441163e-06,0.0,19.0,2,5.0285259932767044e-06
26,28.910747162348482,3.9239721113636428,0.2753658755670189,0.002902994630052631,0.000623436,0.0006387848891885658,-1.7254319203037557e-18,-7.622600248640504e-07,0.0,12.0,2,5.531673975116417e-06
27,28.921400233787878,3.9248370179545518,0.0010332432518976302,0.1074540174249758,0.010742872,2.9573374499470636e-06,9.087521762858766e-20,7.855158947565855e-07,0.0,57.0,2,5.082647073722349e-06
28,28.595241570303028,4.060278294545451,0.008902699486810736,3.885136826300464e-05,0.000467274,7.689077369862365e-05,-4.890447392841421e-19,3.863458531758658e-06,0.04952126589538472,9.0,2,5.647644515693359e-06
29,28.954256728181814,3.910197865833336,0.002286064740433547,0.3075670409335052,0.047918153000000005,5.914674899894127e-06,-8.280305131139017e-19,2.905405282940832e-06,0.0,71.0,2,5.789021343529134e-06
30,29.01729472636363,3.8373207166666745,0.13062230437461492,0.01746739282683387,3.246e-05,0.0008428411732349132,-1.2107090296805227e-19,6.898415338307818e-10,0.0,37.0,2,4.9257689946285335e-06
31,28.914517259924242,3.936248910454541,0.3026553479971222,0.5859769457580027,0.015356103999999999,0.0,5.581719478585893e-19,5.91554365417036e-06,0.0,48.0,2,5.221882771309702e-06
32,28.632044111590904,4.037682888636372,0.035686725529925016,0.0058429251836987555,0.028614001,0.000186312259346665,-3.16064186182427e-18,5.295826781756704e-06,0.29552766843057005,348.0,2,4.677085110172362e-06
33,28.96130003969697,3.921916019696969,0.000213844360843436,6.690346804234316e-05,0.013000109000000001,4.436006174920596e-05,1.2801600173642734e-20,9.521018998892864e-07,0.0,12.0,2,4.978136063833125e-06
34,28.953420451060605,3.9137187243181835,0.0005644728831258896,6.685857664955257e-05,0.003968304,0.00041698458044253596,1.6866357846886694e-18,5.314776979143507e-07,0.0,9.0,2,5.317073564457138e-06
35,29.010246009621213,3.8962713301515137,0.026772391133454778,0.0024237916619489295,0.0033990240000000005,0.0,2.0899629559833064e-18,-4.353493732771073e-07,0.0,26.0,2,4.95792551119947e-06
36,28.99428148757576,3.904501847121214,0.19647268334624807,0.1482767872583526,0.037303654,2.9573374499470636e-06,-2.2888848339342183e-19,3.2642810653836323e-06,0.0,21.0,2,4.887915383103332e-06
37,29.028485835530304,3.866105566287864,0.7327613997046241,0.9931461716630146,0.575684631,0.00037853919359322414,-1.1047497463124817e-19,-1.1185976542535718e-05,0.0,801.0,2,5.019946102569986e-06
38,28.989015510530304,3.870339317727275,0.8747945543189408,0.19834185300525406,0.007634012999999999,0.0003164351071443358,-2.744798824544839e-19,-7.975589529694497e-08,0.0,36.0,2,5.718136310288802e-06
39,29.00563161022728,3.9005985002272645,0.002970883283883462,0.09713634860125156,0.021845355,0.00018926959679661207,-2.0280220005040415e-19,1.626679716164867e-06,0.0,196.0,2,5.3016399120119086e-06
40,28.703530097878794,4.012524231212115,0.0006917886588611987,0.0004620863436058207,0.040474789000000004,0.00013899486014751198,1.2946429335532411e-19,2.76842649841679e-06,0.014471996382735929,364.0,2,4.999395058723252e-06
41,29.049182535681823,3.875633366666669,0.016537510547768038,0.09527146844364169,0.09699682400000001,1.774402469968238e-05,3.801612065231039e-19,-1.9676325233044613e-06,0.0,93.0,2,5.103133154935813e-06
42,29.026482002424242,3.8943330806060565,0.5638756927738089,0.6441297383314837,0.10963517099999999,5.618941154899421e-05,6.262226373419288e-19,9.983555788428792e-07,0.0,110.0,2,5.492343401605378e-06
43,29.07537661136363,3.8559553659090966,0.9391150683762842,0.9966951500591992,0.333245295,8.87201234984119e-06,-2.5243926525200343e-19,-1.0846706150908254e-06,0.0,60.0,2,5.355198830287474e-06
44,29.038147707878792,3.8914600645454556,0.9493435918607036,0.05169556079244157,0.0032797430000000003,0.0001537815473972473,2.9038398492749206e-19,5.113307805139025e-08,0.0,8.0,2,5.500983464571019e-06
45,29.021010731363642,3.8638353997727215,0.7538626897241629,0.38713688248843053,0.044379956,0.0,4.243147663269039e-19,8.815783878705925e-06,0.0,15.000001,2,5.355710457976626e-06
46,29.086073096969695,3.8542196300757574,0.25271129937732745,0.5790587883591963,0.082335891,0.0015082420994730025,-2.7060024389468315e-19,-1.1093637440496665e-06,0.0,188.0,2,4.871997964338981e-06
47,29.062819101666665,3.880604546893945,0.16081871345029242,0.0005968980044042739,0.00038304,0.0011474469305794606,-1.2600135203063286e-18,4.0171959392190333e-07,0.0,48.0,2,5.763527109868185e-06
48,29.04392458181818,3.8843400799242502,0.2347885427181273,0.7753860413574484,0.13948453200000002,0.00038741120594306533,-3.956534092278273e-19,1.4971509668202108e-06,0.0,418.0,2,5.6821116820569e-06
49,29.092470630075756,3.850208733712126,0.4683881104999562,0.14128432629885287,0.007511098,0.0010912575190304664,4.509761624712082e-19,-6.297678047756612e-07,0.0,57.0,2,4.015108041149367e-06
50,29.166832355,3.844241619015154,0.8625742327949998,0.916699005515135,0.007123031,0.0014934554122232671,-5.936322204795758e-19,-2.3050411139701023e-07,0.0,40.0,2,4.736409983032291e-06
51,29.031085262954548,3.907790018560604,0.8867183398668439,0.6204999784562708,0.03261136,2.9573374499470636e-06,-8.436912879317424e-19,3.3923948782839997e-06,0.0,21.0,2,4.834906563758908e-06
52,29.092666169924243,3.9141996349999957,0.25824282024551487,0.0710456414480268,0.007388066,8.87201234984119e-06,-1.3130853884629702e-18,-5.402812303265191e-07,0.0,20.0,2,5.125009648746697e-06
53,28.866987635757575,4.052948811590909,4.5147257755563936e-05,5.099338607876607e-05,0.085719492,7.984811114857072e-05,5.6870099124155865e-19,5.367308515738932e-06,0.0,421.0,2,5.920050237427952e-06
54,29.23643657916667,3.882028949166667,0.9775166896153059,0.38070584237042715,0.007971424,6.210408644888833e-05,-7.813706262401243e-19,-1.7831257106984485e-08,0.0,48.0,2,5.301520712604098e-06
55,29.248087181742424,3.8504793990151462,0.029021339883807822,0.006334467665068584,0.0016849669999999997,0.00023658699599576508,3.202877224870965e-19,-2.4549450699315443e-06,0.0,31.0,2,5.308669458337026e-06
56,29.195779485454548,3.9025953095454504,0.7140296448950479,0.36555079764572135,0.011287677,0.0001537815473972473,-1.0385207606599015e-19,1.4328041616542373e-06,0.0,105.0,2,5.024853712040955e-06
57,29.28538404136364,3.8526995794696894,0.7413333569249971,0.5900414805108005,0.015485696,0.00014786687249735317,-1.9219690592118624e-19,-5.342029538953241e-07,0.0,321.0,2,5.231101947691197e-06
58,28.964255886969703,4.067058229318178,0.011907597046915934,1.4619386537501072e-05,8.397999999999999e-05,0.0005352780784404185,-6.779755957463886e-19,-8.460692159946712e-08,0.0,38.0,2,6.090506104533112e-06
59,29.130363344393935,3.951225642424248,0.15053829254341872,0.01873755373541738,0.003692416,0.000836926498335019,4.389500081424797e-19,5.752446337516083e-07,0.0,56.0,2,5.346731641043666e-06
60,29.00774386242425,4.149597279924237,0.0003722534211950675,6.340999807125808e-06,0.002686342,6.50614238988354e-05,6.816539448335586e-18,-1.330182796170526e-06,0.0,116.0,2,5.195293489597744e-06
61,29.421395598106063,3.9669293038636333,0.5640000000000001,0.001435040013190155,4.9999999999999996e-06,2.365869959957651e-05,8.474070700669396e-19,-6.639489448308141e-10,0.0,50.0,2,5.2437558660924785e-06
62,29.55965474833333,4.211078768863636,1.0,0.48760330578512395,1.77e-06,0.0,2.6435997721712684e-08,0.0,0.0,67.0,2,5.666302787809265e-06
63,29.06415921469697,4.583702049015152,0.00017642132517467032,0.003628038936113862,0.005668249,0.009901165782422769,1.0858302693528948e-07,-1.706836445143511e-05,0.0,29.0,2,5.851461549671702e-06
64,29.506489130606056,3.7850984245454597,0.995223386300672,0.0028194797697612805,0.000251224,0.0003400938067439123,0.0011025367584194708,-5.617736744113551e-10,0.0,22.0,2,3.979778335606591e-06
65,29.506489130606056,3.7850984245454597,0.7246834448738493,0.0008885726925261339,0.000254616,3.548804939936476e-05,0.0009818091607264534,-1.1633034589323496e-08,0.0,37.0,2,3.979778335606591e-06
66,28.957927420681823,4.638877718030297,0.0004512439894300607,1.0,0.0022160960000000003,0.0,-1.997697335815815e-19,-9.473766973560335e-06,0.0,15.0,2,4.358791469442751e-06
67,29.40150263719697,3.4970139506060676,0.4419748769968934,0.36147542227249274,0.019351747,0.0007600357246363953,3.782796265624892e-05,4.550493013418062e-08,0.0,387.0,2,3.4118332110747676e-06
68,29.387500664621214,3.4678492756060635,0.5163603788337761,0.004685992585606452,0.000386238,7.689077369862365e-05,0.00012351746075233352,4.1041172268519013e-07,0.0,2.0,2,2.768895211465306e-06
69,29.428640064318184,3.541769935833326,0.00027046441986463795,0.00012388664619646317,0.003697344,0.0004051552306427477,2.6911668258920334e-05,9.765976266353e-07,0.0,12.0,2,3.988126000217117e-06
70,29.453480267954543,3.5875090318181826,7.219387137037626e-05,0.01389044888746809,0.289498258,0.0,8.525341229771172e-06,2.9079254476265713e-06,0.0,277.0,2,3.5902023665701928e-06
71,29.39117099454546,3.483234626287871,0.095782899001014,0.295449788423513,0.04537501,2.9573374499470636e-06,0.00018417800187730274,1.0282382875312863e-08,0.0,21.0,2,2.8545839169878347e-06
72,29.623442530757575,3.754677947575761,0.0490465264979125,0.0005014618073151156,0.0006646750000000001,0.0003933258808429595,0.011858270898063218,-8.991991502002638e-08,0.0,35.0,2,5.6936614014894e-06
73,29.324536879393932,3.33469685954546,0.16031356455383,0.2702862450956114,0.027791279000000002,0.001076470831780731,0.00013424598384099935,1.663455764397455e-05,0.0,33.0,2,3.617075877980254e-06
74,29.63027262492424,3.7763288998484867,0.161495962600935,0.00020006641415214006,9.412e-05,0.008441719750873893,0.007036291681130137,4.960390636610346e-09,0.0,8.0,2,5.2264954834364054e-06
75,29.57921159272728,3.856128969015142,0.18321256047572532,0.061829271768562066,0.009472188999999999,0.0014254366508744847,0.014540928077878433,8.008984798877647e-08,0.0,412.0,2,4.799813104990027e-06
76,29.480374450530306,3.4194736926515077,0.7176136094540961,0.9064103151287117,0.27567107199999996,0.003050493579620396,0.0031866780770076807,1.492507548031504e-07,0.0,1740.0,2,4.063730282520926e-06
77,29.55568655848485,3.609478258863639,0.0037943234499280497,0.00010535809816527839,0.0004954769999999999,0.0012775697783771315,0.005071812514565343,1.437153907571801e-08,0.0,7.0,2,4.2550315590304175e-06
78,29.413928663787882,3.3228120335606057,0.00047771484150138134,0.00011388107854491867,0.002093299,0.0004746526607165037,0.0009709919513209672,9.105805662957344e-07,0.0,14.0,2,3.7734468782639462e-06
79,29.546109614166664,3.5615550993939458,0.001470327553251279,0.00011224776249296616,0.000727729,0.002238704449609927,0.005577554526211905,7.375176869049004e-08,0.0,6.0,2,3.091067459710608e-06
80,29.65136628818182,3.755338215303027,0.534717379199192,0.4862867917606134,0.007228325000000001,0.0007334196875868718,0.0007545271770882994,-6.588896190467597e-08,0.0,147.0,2,3.268828721173963e-06
81,29.47030287393939,3.3639825734090962,0.05488863835094672,0.035555754905933795,0.012434577,0.0013588965582506758,0.0016832047416149663,5.488897014466207e-06,0.0,49.0,2,3.644834919693007e-06
82,29.625490747196974,3.708039256060605,0.6573440088162849,0.17898681021773377,0.004449946999999999,0.0035044448781872705,0.0008800513660979665,-1.3838083723125714e-07,0.0,36.0,2,3.842842836932222e-06
83,29.616738824999995,3.663001479848486,0.13697237647285848,0.09448009738774985,0.007006273999999999,0.0013929059389250669,0.0010547335574589442,-2.4003052194075153e-07,0.0,27.0,2,4.170104156343824e-06
84,29.683785420454537,3.7782021834091033,0.03230205533805825,0.02138769222954962,0.006543887,0.0030016975116962693,0.001436611058905842,-2.034252366961986e-05,0.0,23.0,2,3.7765521233008255e-06
85,29.30227718310606,2.9963613669696905,0.00021498861957742267,0.0003812323870637176,0.004651409,6.50614238988354e-05,2.1590159452012573e-05,8.495446616378273e-05,0.0,7.0,2,3.0771573615401467e-06
86,29.329917513863634,3.029769802651515,0.0001677799143617761,0.0003997502360525143,0.005960188999999999,0.0011563189429293018,1.674709032049221e-05,6.322901128374657e-05,0.0,12.0,2,2.96822943669178e-06
87,29.426954050303035,3.1973738062878745,0.00017458472404614764,0.0001663156574715729,0.005727878,0.0017507437703686616,0.00027905310454025376,3.2946111886973797e-06,0.0,14.0,2,3.3521568890786314e-06
88,29.692049900833332,3.731606599848483,0.15611292203520397,0.11846550268822996,0.0064801170000000005,0.00043472860514221835,0.0026627836748454726,-7.890651498484123e-07,0.0,39.0,2,3.5165129715910806e-06
89,29.503295375984848,3.6766261900000003,0.004141583514298541,3.118761872512356e-05,0.0005456850000000001,0.01202453407148476,0.0018097991190339038,1.0621914056394183e-07,0.0,127.0,2,3.3098615792771173e-06
90,29.43041232257575,3.3998810299999995,2.898758426980623e-05,3.473763825536603e-05,0.034497528,0.003531060915236794,0.021433024770761974,8.210101195469851e-06,0.0,34.0,2,3.7353514228279396e-06
91,29.413087732954548,3.3523494837121213,3.948114666673509e-05,4.2083464809091305e-05,0.025328545000000004,5.3232074099047144e-05,0.01709727421209603,6.445491029455566e-06,0.0,38.0,2,3.5858394896813737e-06
92,29.131782605681824,2.9773657015151436,0.010616288787009334,0.09856692605725728,0.026851097,0.001421000644699564,2.9786189118803767e-05,0.00018576846664824693,0.0,14.0,2,2.9585001751735562e-06
93,29.56579717068182,3.673724323712122,0.0020196655583440237,4.8848462330312276e-05,0.000802113,0.0,0.01887076057733812,1.713957217719103e-06,0.0,4.0,2,4.323711368597948e-06
94,29.118034945378785,3.048327481136365,0.014134580083466323,0.1222585818646328,0.022155522,2.9573374499470636e-06,2.6370974110071228e-05,0.0001984548613548769,0.0,13.0,2,2.8484667805065605e-06
95,29.58811989916666,3.6817237548484876,0.43956471846926076,0.24818248625606892,0.000824386,0.0011888496548787195,0.0007168787936465848,-1.6475462328089582e-07,0.0,17.0,2,4.5106029813763784e-06
96,29.353847501212122,3.3667997683333297,7.397551129469202e-05,1.3986217030675213e-05,0.013517987,0.0027044850979765895,0.06157124579821373,1.5577888874421645e-05,0.0,11.0,2,4.293345697355655e-06
97,29.473169344090913,3.614430238409085,0.0006176137258474433,3.161094962833109e-05,0.0016191349999999998,5.914674899894127e-05,0.01648405440070862,4.423451916596986e-06,0.0,21.0,2,3.526625012561101e-06
98,29.46173841651515,3.6282345002272756,4.953573621943062e-05,1.8925794608949554e-05,0.020187446000000005,5.027473664910008e-05,0.04646764504586979,7.104161792995304e-06,0.0,42.0,2,4.285218304650901e-06
99,29.46173841651515,3.6282345002272756,0.4243719216261659,0.011690883961539087,0.000943274,0.0,0.020456702064956554,9.342223901167766e-06,0.0,4.0,2,4.285218304650901e-06
100,29.762130897424242,3.6008914876515163,0.9600174056252408,0.7269964296282704,0.09903924599999998,0.0013308018524761786,0.0025805305636767526,-3.9272586305648055e-06,0.0,30.0,2,4.050113251321945e-06
101,29.54245274484848,3.6294779513636364,0.6985388063095064,0.8938329336866325,0.015850875999999996,0.00024102300217068568,0.000501502218630386,5.530941191119394e-06,0.0,7.0,2,3.6368337039864546e-06
102,29.115088804166668,3.312202265984844,0.0005911286952193648,0.00011176216296443324,0.0016916790000000002,7.689077369862365e-05,0.007956063136261493,7.890737900149365e-05,0.013791032459467783,2.0,2,4.151034849459283e-06
103,29.46270120098485,3.590550129166669,0.0723904783769641,0.001264347887560964,0.000966978,0.0008664998728344896,0.04352238670926352,1.1642016196371058e-06,0.0,27.0,2,3.4204759971995726e-06
104,29.51737054007576,3.8122059771969674,0.5642594884839444,0.17521451032454455,0.010519357,0.0,4.726808419924571e-07,-1.6504913573189007e-06,0.0,142.0,2,4.763622816125759e-06
105,29.524676232424245,3.5703874318181796,0.00455547954925381,0.0011325191154692206,0.033887541,0.0,0.0036764650969395344,-1.9866027525614393e-06,0.0,73.0,2,3.5883062600632986e-06
106,29.557831222045458,3.6258719480303014,0.3773667638063101,0.009470376493327408,0.000554185,0.005882144187944709,0.00019168297733348423,-3.2388669315498025e-08,0.0,101.0,2,4.935464074483626e-06
107,29.132520888181816,3.3833134404545433,0.001649748495841809,0.0029990935239823766,0.014547672,0.0007836944242359718,0.004747361513694432,3.5060902661348174e-05,0.00058359853040404,18.0,2,3.6423604766817135e-06
108,29.19893373636364,3.426402577878786,0.005076646790184303,0.0030830562507894975,0.007091295,2.9573374499470636e-06,0.011396376787092079,4.026881755645031e-05,0.0,10.0,2,2.9846233056315252e-06
109,29.808226099242425,3.532169145530304,0.39036338206969706,0.6057833798044833,0.06559195400000001,0.0005441500907902597,0.0008230112201854842,-1.3159105994475143e-05,0.0,29.0,2,3.93416543108019e-06
110,29.446328672424247,3.766929829090902,0.4231630115424519,0.9698062904622299,0.338662362,2.9573374499470636e-05,9.512192556707801e-08,-2.674742933744284e-06,0.0,438.0,2,5.075908970183497e-06
111,29.482273084621212,3.5345961355303004,0.7413439822407314,0.05054984458448196,0.0026451540000000003,0.0002661603704952357,0.029975120983850585,1.125565273617699e-06,0.0,20.0,2,3.3033660562661633e-06
112,29.482273084621212,3.5345961355303004,0.7785337666673177,0.755432190715529,0.140126251,0.006260683381537934,0.000660749048981435,3.084274358645569e-05,0.0,13.0,2,3.3033660562661633e-06
113,29.766084349848484,3.4967487052272688,0.9421704497093413,0.4085153783633795,0.057549972,0.017185087921642386,0.09409717323695395,-8.583195739152362e-05,0.0,14.999999,2,3.8319810916578854e-06
114,29.766084349848484,3.4967487052272688,0.6964248542068113,0.6993163826734315,0.091874491,0.0004288139302423242,0.0008331765974483167,-2.171660343543148e-05,0.0,22.0,2,3.8319810916578854e-06
115,29.460411521818184,3.5309590259848456,0.07673363879298802,0.002432770803383611,0.000858815,0.0003962832182929065,0.021236344955942746,1.7589437918320406e-06,0.0,16.0,2,5.309489335507584e-06
116,29.529412984166665,3.5397964448484807,0.8821516564191534,0.6213303965643923,0.21742331900000003,0.0,0.0030519198585608302,-1.1489537632180079e-06,0.0,15.0,2,5.227132666142865e-06
117,29.153458082878785,3.5153374631818224,0.9847480027995724,0.3572114232594458,0.012056126000000002,0.014124243660947175,0.0190926429785765,2.7449693367724696e-06,0.0014955052725892214,7.0,2,3.7048328043370866e-06
118,29.53707284522727,3.5439714420454536,0.5982133494175224,0.5064858219283701,0.200581246,0.0,0.00322944547893382,-3.1135905865793338e-06,0.0,23.0,2,4.406063515134664e-06
119,28.843561736742426,3.4627227085606016,0.00036186233222031795,6.034759879170776e-05,0.018764042,0.0036256957136350998,0.13260688403390972,4.265005023150372e-05,0.7631928664410365,33.0,2,3.782322722671992e-06
120,28.719541559848484,3.468333284469697,0.5018926012265549,0.1562879167488959,0.051212056000000006,0.0012169443606532167,0.1711851373571761,-1.944566885757133e-06,0.323226546499129,52.0,2,3.6708339189239394e-06
121,29.413566299166668,3.5562111943181804,0.1210090435759553,0.09494352871399853,0.15795123600000002,0.003584292989335841,0.004037810434552817,1.8730756796802694e-05,0.0,56.0,2,5.0116592041445365e-06
122,29.36627224159091,3.7439960295454604,0.9922897997562519,0.3073146860079312,0.07484033899999999,0.0008191824736353366,1.4481208196848282e-07,2.9062375102450566e-07,0.0,72.0,2,4.364002093142504e-06
123,29.297377133106064,3.5631746555303003,0.00018451551417668474,1.7958241244143673e-05,0.014253544,0.005487339638376777,0.010318355839442937,1.5075919427595028e-05,0.00010664014507549842,10.0,2,4.9765872964517654e-06
124,29.33099196068181,3.6188850157575807,0.1461067748522522,0.22536017603898958,0.36698172999999995,0.002008032128514056,0.0016527751524849177,-2.56708201263924e-06,0.0,610.0,2,4.951396464451074e-06
125,29.2392243925,3.5566488700757617,0.6386639513034921,0.6357252271254996,0.08620823500000001,0.0004790886668914243,0.016168294425944724,-1.5946501195725048e-05,0.0049116537416640065,72.0,2,3.7588079547399245e-06
126,29.301696279924247,3.5890589618181785,0.3910178986225906,0.32223355442136664,0.036285361999999995,0.0004095912368176683,0.004918872822157722,-1.1854750983564376e-05,0.0,20.0,2,4.163982451932752e-06
127,29.298638366893943,3.6663889961363587,0.00039421870386409234,1.9805487926416113e-05,0.0025366629999999998,0.0011267455684298312,6.991346898998006e-05,2.5995399799584145e-06,0.0,14.0,2,5.454944279609426e-06
128,29.284816168409087,3.582015488030315,0.028166263044589038,0.00816153105401047,0.0028260759999999994,0.00036966718124338294,0.004342239924907626,-3.429116935443166e-05,0.0,4.0,2,4.18170372444547e-06
129,29.240855144166666,3.655537403636359,0.000989631014173229,0.000706209893728992,0.015763451,0.00029573374499470634,0.00010378435311228667,1.0361979460235576e-05,7.929735690490617e-05,19.0,2,4.731766918776263e-06
130,29.292805714772726,3.6171443743181797,0.7900758623665282,0.4409652869076637,0.09182655799999999,0.00032530711949417697,0.0013035327552877601,-8.060494378800919e-06,0.0,17.0,2,4.326531703962034e-06
131,28.26305635916667,3.610385631742421,0.8328823416851224,0.2218809190444719,0.019215803,0.0,1.5945395232062221e-18,5.099243072835682e-06,0.021544923207216477,5.0,2,3.768761802713285e-06
132,29.297181143560604,3.6122806035606096,0.26059790837020286,0.031742047137992536,0.012949041,0.009705981510726262,0.0012531434497301563,-2.4803784119971505e-05,0.0,4.0,2,4.3911201683772935e-06
133,28.692764284545447,3.5770863328787996,0.024374354138787514,0.005063345555574629,0.029853550000000003,0.002021340147038818,0.1641983945988479,-0.0002952323272656658,0.25107670612037764,41.0,2,2.97542326504965e-06
134,29.273896620151515,3.5916912476515144,0.23261620976935402,0.026878527075383324,0.004271091,0.0010276747638566046,0.013750786939046708,-2.3980373078087345e-05,0.0005408454186529858,11.0,2,4.006853142939436e-06
135,29.26425913984848,3.6026136728787854,0.7228386942528939,0.8371697076918302,0.300384629,0.0004036765619177742,0.0028542939853013817,-9.711197476919619e-06,0.0020773399826660237,398.0,2,4.721287789700209e-06
136,29.259511104696973,3.6434026212121218,0.011676771965756462,0.001084983823877535,0.00640588,0.0004938753541411596,6.985541741125559e-05,1.90118899921988e-05,0.0,18.0,2,5.249011632020511e-06
137,28.66754721818182,3.5744557853787775,0.007582002435120364,0.0006492738814203659,0.018919804,0.0017167343896942705,0.25114739658806856,-0.0002622769663557199,0.2568165611017958,23.0,2,3.4229583146866077e-06
138,27.802328803712122,3.571490475075759,0.02212253364760502,0.09951621744534533,0.955335602,0.0012716551034772374,0.13544563602673046,3.958430229391225e-05,0.5296901517546501,1872.0,2,3.059453922407559e-06
139,29.1448851425,3.5745159253787833,0.12740329247407922,0.7120934329467691,0.31446079,0.004317712676922713,0.00012056532297549227,1.2608295038927343e-05,1.0780358339747224e-05,261.0,2,4.774382395313908e-06
140,29.15933627787879,3.596492832424236,0.260189836471031,0.03955035062689484,0.00520764,0.0,0.0002453446277506872,8.567412712938543e-07,0.0,27.0,2,5.050603607581807e-06
141,29.223421389848486,3.6148490976515184,0.19056254725066935,0.4452168901799419,0.079062372,0.011730278995215027,0.011019254791413123,-5.187285715370941e-06,0.0008449025536446085,174.0,2,4.91311128790688e-06
142,28.041104758333336,3.5856120231060586,0.8526302466872238,0.7368835565881604,0.15249906100000002,0.0011947643297786138,1.1727171154735802e-18,0.00015070275397048276,0.14560460146046406,21.0,2,3.4558827899972716e-06
143,28.66164060886364,3.5890008718939406,0.13096120923288776,0.45846049545413914,0.332715926,0.0010542908009061281,0.05667582615556605,-0.0006031462712229332,0.05899655972584853,249.0,2,4.137103041097315e-06
144,28.54244935825757,3.5569448493939504,0.028073328247985776,0.0020959599692026857,0.015477145999999999,0.005482903632201856,0.23825776663855308,-2.7229248115882938e-05,0.23344510673996358,28.0,2,3.856618524805209e-06
145,28.608062608257573,3.5572863560606045,0.0008640927960239271,3.298623076487289e-05,0.006098882,0.008384051670599925,0.18101095972203948,-6.457531769776469e-05,0.19840111679484862,8.0,2,4.119556405984028e-06
146,29.1862992569697,3.5814266877272694,0.5044066137776587,0.5845493192363469,0.08213653800000002,0.0014165646385246435,0.00021960411226950262,0.00011671104591777539,0.0,43.0,2,4.790999107663465e-06
147,29.1862992569697,3.5814266877272694,0.8903052464431207,0.6729174659698202,0.21645962300000002,0.0010646414819809429,3.923456611681924e-18,-0.00039072905391442683,0.0,73.0,2,4.790999107663465e-06
148,28.58976407098485,3.565898118787871,0.005962714498958763,0.001069786741301872,0.033206688000000005,0.0036212597074601794,0.21232073868459422,-4.422377400046282e-05,0.21033527944732094,55.0,2,4.237783959779946e-06
149,28.94106517575758,3.5797724931060486,0.46342332528556957,0.6836622581438251,0.15969446499999998,0.0009108599345836956,0.038392925142194695,-0.0008265507574688344,0.010615396094034946,17.0,2,3.8892845702770085e-06
150,29.187337598787874,3.5893818432575735,0.31610607790973727,0.06812314859238182,0.022891439000000003,0.0013027071467016816,0.0007267513234706499,2.7960488170203724e-05,0.0,58.0,2,4.417115160757809e-06
151,25.391481880075762,3.5928758037878765,0.25515726479362155,0.7054556797620674,0.731776562,0.0014195219759745906,1.0380918164193496e-18,0.00016709510155718866,0.6254394411719352,2759.0,2,4.0307735434197555e-06
152,28.60434144348485,3.5761384533333356,0.00766641155483115,0.004903070973749762,0.08524496699999999,0.00016413222847206204,0.14754846886333597,1.8521760349793705e-06,0.8021451518656815,224.0,2,4.570869133923642e-06
153,28.60434144348485,3.5761384533333356,0.8258425543156368,0.05632470548633193,0.007460973000000001,8.872012349841191e-05,0.06101100130583603,-0.00037708207789357055,0.011876467050611227,3.0,2,4.570869133923642e-06
154,27.619365946363644,3.7150465088636224,0.0003038712898455027,2.3213886974323557e-05,0.0032908670000000003,0.002794683890199975,-2.0132532327161123e-18,-1.9652897508941072e-05,0.08352996338047086,13.0,2,3.5832409311209527e-06
155,28.628897154242427,3.5792003054545454,0.0006272106551280901,2.0259841881513037e-05,0.0038105219999999998,0.00973407621650076,0.09602394119590679,1.014521134374584e-05,0.9701694413521299,12.0,2,4.554807917628197e-06
156,27.734620093636362,3.9303936384848477,0.09980223158286301,0.9922771162432484,0.018667288,1.1829349799788254e-05,8.352025276271975e-20,-1.810012934545715e-06,5.410534192219031e-05,21.0,2,4.9381304908292805e-06
157,27.72902931242424,3.8663686465909137,0.9898942279554207,0.9318367692500714,0.23357324799999998,0.0,6.570002032080482e-19,-9.460748808830896e-06,0.0007478168047738069,62.0,2,3.75733462405152e-06
158,27.443596416136362,3.6233480193939442,0.8715526288437586,0.5809588519911048,0.21651541600000002,0.0011267455684298312,2.5715920278640585e-18,3.7479204903295027e-06,0.07585041427258,470.0,2,3.5040176949798747e-06
159,28.636779387348483,3.5788627082575815,0.0003733611840594956,2.352313662208346e-05,0.00792798,0.0033077819377657905,0.09425639995959832,5.239600335106013e-06,0.9696101655150492,40.0,2,4.140890163330181e-06
160,28.442594749393937,3.564651238787878,0.021425331613753897,0.013552128490010086,0.153721308,0.0025285235197047393,0.2794867301908401,-1.4544618192778602e-05,0.10791495476996592,185.0,2,4.075421145217623e-06
161,28.507078393106063,3.567749518257571,0.012311170084485233,0.0004120657592374956,0.007318557,0.0014535313566489817,0.25391068627164315,-2.0270339678633688e-05,0.24328470762747356,21.0,2,4.221498602647378e-06
162,29.135861115,3.550292031666661,0.7529734628041445,0.11154410376021823,0.016294638,0.00018926959679661207,0.001261698388488977,9.131207039552884e-06,0.0,10.0,2,4.8601118323643165e-06
163,27.719361926136365,3.808682237196969,0.00021163416494978445,1.0,0.004725135000000001,0.0,-7.258500147156801e-19,-5.825610083959622e-05,0.04076412631596768,10.0,2,3.6692770304864024e-06
164,29.151897703030308,3.5624417979545413,0.21104372961353923,0.06815319629597964,0.0052467419999999996,0.0012450390664277137,0.00261732292177132,1.171244665632614e-05,0.0,7.0,2,4.426203843258761e-06
165,27.70971357181818,3.9424816230303072,9.672978833490987e-05,1.0,0.010338077,0.0,-2.1442692303196502e-19,-8.445961740938219e-05,0.03341395116325793,44.0,2,4.717378537155509e-06
166,27.240185395757575,3.648157400681818,0.2095086394827886,0.10418498218465021,0.09719846899999998,0.000697931638187507,-1.202786785101108e-19,4.305649887506562e-05,0.13488679538769277,141.0,2,3.891414687130656e-06
167,28.63216646037879,3.595659128181815,0.9253500519130594,0.1715192602301791,0.030450911999999997,0.0002513736832455004,0.06506335712080354,-0.00023129851612519768,0.0006272390133996644,5.0,2,3.2640861618718602e-06
168,29.114630289469698,3.547005869696971,0.1947535395299731,0.058320300348300734,0.036745345000000006,2.365869959957651e-05,0.002907008474258086,6.036509951601248e-06,0.0,12.0,2,4.828665627671918e-06
169,28.986396654469697,3.5528205361363625,0.36014879702604496,0.07508779463243229,0.006043938,1.774402469968238e-05,2.755352893170974e-06,1.6754929677310015e-05,0.002005315077686105,12.0,2,4.089659190751273e-06
170,27.680224747196974,3.847282106363636,0.00010458628645786434,1.0,0.009561482999999999,0.0,1.791149568676463e-19,-7.89591017138556e-05,0.06794678189565365,36.0,2,3.926693319950917e-06
171,29.101386307575755,3.545471757803039,0.9508136521725686,0.9956129015020263,0.29643741900000004,0.0007038463130874011,0.0008663572261003176,7.069068421126823e-06,0.0,14.0,2,3.5665483056160884e-06
172,28.906254272499996,3.5376164787121347,0.7538872604757374,0.26474247043267185,0.018533039,0.0004288139302423242,0.00013757829214471685,2.603285126251231e-05,0.00630063963066176,12.0,2,3.7397289451805106e-06
173,29.04795890863636,3.516096817196974,0.23940918207225892,0.4294067622799692,0.10214402299999999,5.914674899894127e-06,0.003493222449245734,8.921310651285925e-06,0.0,36.0,2,3.992475797318313e-06
174,28.90011251590909,3.5335126276515147,0.015308363054413895,0.001022729611640163,0.003135541,0.0017596157827185028,5.2422492212602525e-05,1.7012007056579685e-05,0.0062317794600676565,16.0,2,4.059797782876706e-06
175,28.903650363106063,3.5367847237121133,0.010719404993250924,0.004261827949348379,0.015218382,0.0002572883581453945,4.0847661565566005e-05,2.358298895644231e-05,0.004502449734800979,12.0,2,3.7597160127759667e-06
176,28.902028300606062,3.53514870719696,0.0014177512922871854,0.00014208154708320378,0.0036325129999999995,0.0014934554122232671,1.702069739119873e-05,2.065000978587697e-05,0.0057811217743749315,8.0,2,3.7966762291913228e-06
177,28.909853773030303,3.531853152803034,0.0009541010602925083,1.0559509217664863e-05,0.001048107,0.0006683582636880363,5.629155531999008e-05,1.2932771426473796e-05,0.0,6.0,2,4.077064145488669e-06
178,27.253539994242427,3.6358269828030245,0.4738991733285823,0.2855294616387299,0.097006257,0.007458405048766495,2.8468777357217065e-18,1.4050659427811365e-05,0.19362515966366994,138.0,2,4.12864502945937e-06
179,28.98769968886364,3.519753270378782,0.001193970746224254,0.000589478327645072,0.012060597000000001,0.0007689077369862366,0.003613256720257363,5.255982266159934e-06,0.0,8.0,2,4.057063591647842e-06
180,29.026420028636366,3.517480695757577,0.046277339711754815,0.006056467658056777,0.0031079789999999994,0.0014283939883244316,0.00343074505588247,3.571964981563407e-06,0.0,2.0,2,4.033035722665817e-06
181,28.867502872575756,3.5284735670454523,8.395643424303096e-05,6.212562753943545e-05,0.027514270000000004,0.0004406432800421125,6.4001349202772775e-06,2.4176402074171853e-05,0.0023860345922315945,22.0,2,4.020393889343736e-06
182,27.041836819545452,3.6321894965151493,0.0026852910628760306,0.0010948425648267294,0.061626839,0.001134138912054699,-2.424420053278624e-18,5.70435339790358e-05,0.23741444859763128,253.0,2,3.0330116129800466e-06
183,28.99775921977272,3.504388709545456,0.11649482873950368,0.2747122078355711,0.013955495000000002,0.004625275771717207,0.00012717118274405644,8.599980501155745e-06,0.0,28.0,2,4.204518922120793e-06
184,28.96349107083333,3.5076823783333317,0.00022476324563521012,0.00016422391799839945,0.004449126,0.0014165646385246435,0.00013491029638206347,7.471914802554029e-06,0.0,17.0,2,4.136158537566388e-06
185,28.84745257598485,3.525888114621207,0.0006894365396897719,0.001622287115857005,0.07295812900000001,5.3232074099047144e-05,1.8517564306732624e-06,1.0415239647163712e-05,0.00016173660374432024,248.0,2,3.905591577868534e-06
186,27.39960359537879,3.6155819756818204,0.019732375074388395,0.0036004005634771956,0.033642681,0.0005885101525394656,7.752045533271366e-18,3.994016581355928e-06,0.00587616664676635,314.0,2,4.284539110702293e-06
187,28.107438155378784,3.5569139612878864,0.08786912254276123,0.0034457234760449044,0.011539833,0.0004598659734667684,0.28207821302941105,9.515232482289485e-05,0.49517735655273354,16.0,2,2.9810503467377837e-06
188,27.493937238560605,3.6023734717424247,0.8824297354481475,0.005035553977300702,0.001599384,0.001076470831780731,7.616520261710676e-18,1.108671174652936e-06,0.06975185446396863,65.0,2,3.373734848393508e-06
189,28.817356008560605,3.5192130912121193,0.0001354682038514694,3.087944187261582e-05,0.007381806,5.914674899894127e-06,1.0770154371956697e-05,2.480660485779236e-05,0.0070158982774676,8.0,2,4.153601192422287e-06
190,27.62874088356061,3.882478010378783,0.0006798614170487488,1.0,0.001470888,0.0,2.629828573976082e-19,-0.0004421761502580834,0.08369094043870098,14.0,2,4.33295483321518e-06
191,28.204466515454545,3.5545737734848473,0.06936155922912463,0.0004167321777081438,0.001730137,0.0035162742279870587,0.277522197485568,6.342640020109278e-05,0.22869113833181995,2.0,2,3.3064364623923615e-06
192,27.90722860878788,3.5561704583333373,0.027045930138606553,0.0012475109083019272,0.014728019999999998,0.0015629528422970232,0.3012121120199469,0.00010216784368751005,0.849736896066138,24.0,2,3.125427281254097e-06
193,28.769222267727276,3.510549271363633,0.05971327058635385,0.1189664343172275,0.030814976,0.0007245476752370305,3.862253753613117e-06,8.820597947567259e-06,0.3141109050352659,197.0,2,3.687708531557474e-06
194,28.53933898901515,3.5222532206060606,0.006491541160247224,0.0026048272806206128,0.11255154699999999,0.016170721176310545,0.22411555186112164,9.70437279161585e-07,0.07037725567645907,135.0,2,3.85559641108779e-06
195,28.53933898901515,3.5222532206060606,0.6976084074622565,0.7405088466621753,0.127044091,0.008765548201643096,0.001499377231241837,6.923775101897619e-06,0.19300625323849183,234.0,2,3.85559641108779e-06
196,28.138690538257574,3.538880669924243,4.6406412697982514e-05,3.864162761843252e-06,0.021548746,0.002427974046406539,0.3117855002233698,4.747467048384037e-05,0.27006119056765526,34.0,2,3.165782459096952e-06
197,28.64654265886364,3.509168746060606,0.0007902807671951791,0.006427978636199321,0.012780268000000003,2.9573374499470636e-06,4.167276989423514e-19,1.1153307740423304e-06,0.05854681607615739,107.0,2,3.661445195986176e-06
198,28.597608888712124,3.4793441162121184,0.00011147458171328214,0.004413104513256456,0.108544924,0.004298489983498057,0.001722344167503452,4.267151864383241e-06,0.08176466179109398,185.0,2,4.336487488129115e-06
199,28.593493405151516,3.518971550151516,0.04946417622082124,0.13959992074515326,0.005726043000000001,5.914674899894127e-06,-1.8655931682548957e-19,5.294949862970783e-07,0.1594995007896378,158.0,2,3.3915712887189233e-06
200,27.86617754393939,3.788279805606063,0.9880152183072838,1.0,0.017548337999999997,0.0,-5.95132855851939e-19,-4.998432097601767e-05,0.0003635671936567441,9.0,2,3.3561940688423406e-06
201,28.292116826060603,3.519978713560608,0.0002589939035029979,0.13207255036198698,0.273365508,0.0007156756628871894,-4.7718395176959115e-20,1.9021614696790786e-05,0.9300013884707063,619.0,2,4.661580093950244e-06
202,28.494388899090907,3.548966993939395,0.002857665401673449,8.13534480275938e-05,0.00034993599999999996,0.0004228992553424301,-2.549089406480166e-19,2.110589885929313e-06,0.9741667047688721,13.0,2,3.883357613166432e-06
203,27.98731816318182,3.803423591515152,1.0,0.16447368421052633,1e-06,0.0,1.4205813718399385e-19,0.0,0.0,10.0,2,4.044117541437701e-06
204,28.230348077348484,3.5682798922727272,4.6109733326662796e-05,0.0001908214864993798,0.021687394999999998,0.0,-1.6481408268996585e-19,1.8605988778993555e-06,0.14372431543760789,182.0,2,4.093473883972088e-06
205,28.24873965689394,3.5642292149242394,0.0026212732048210455,0.00011675659064683967,0.000381494,0.0029070627132979634,-5.089344524018266e-19,4.687513338284295e-06,0.7476238158398298,5.0,2,4.146611593805587e-06
206,28.155823209242428,3.5400697615151557,0.0003255844240411538,0.00028395578808379534,0.0030714,0.00014195219759745905,-2.889573490219244e-19,6.244183544726214e-06,0.9281444943673894,34.0,2,4.370306172753082e-06
207,28.10271341871212,3.5234588538636338,0.005583997511296559,0.006111810406000894,0.035674801,0.024285655138965287,-1.4756141121782482e-18,1.096742401522239e-05,0.9929575500645399,274.0,2,3.950271557205427e-06
208,27.08302180030303,3.6175788310606087,0.00021725585004827422,1.761101548730841e-06,0.004602868,0.010541429340336307,-1.0852430065710918e-14,4.368235942908532e-05,0.9709880882962534,158.0,2,4.352213267640722e-06
209,28.000164119166666,3.494526697424238,0.01860069482367732,0.0013444318063456243,0.015125564000000001,6.50614238988354e-05,-1.666041015355306e-17,1.4089628272147362e-05,0.9397042649120391,109.0,2,3.5308771922034164e-06
210,27.99753565666667,3.4920655406060632,0.001717944445112534,4.4556638456135996e-06,0.000582091,0.0005766808027396773,-2.5116948870923588e-17,2.1757308526686063e-05,0.9982820555548875,3.0,2,3.7848355544913483e-06
211,28.140811738560604,3.4713161751515145,0.7301196991677212,0.9421570834464442,0.24644031000000002,0.001206593679578402,-7.723219943285117e-19,-1.2456699522645073e-05,0.013719103015249413,108.0,2,3.695947775173259e-06
212,27.75443929507576,3.522164096136361,0.0015990115525244114,1.0,0.0022451370000000003,0.0,7.723200583362998e-22,1.2414094210338864e-05,0.9984009884474754,38.0,2,3.605783953396577e-06
213,27.59979924181818,3.3593745031818223,0.34872101135420724,0.60860018951934,0.264009185,0.005784552052096457,-5.336694688228773e-18,6.352707278128953e-06,0.06732516900879794,835.0,2,3.846861573203135e-06
214,28.12173812689394,3.4510681350757544,0.9999628355260292,0.9855859611857156,0.47545405900000004,0.0026941344169017748,3.4702915033590347e-19,-2.4325153865042117e-07,0.0,19.0,2,3.6350178948863834e-06
215,28.051121874015152,3.4336247986363624,0.9848059681155932,0.8968084986793773,0.19717406300000004,5.618941154899421e-05,-1.4968867159912744e-18,6.87651700037527e-06,0.0,7.0,2,3.730822896584612e-06
216,27.91314661598485,3.428296464848483,0.2630259262636433,0.054265154340098015,0.06328983699999999,0.0001301228477976708,-3.358306964850993e-17,-6.870218991860804e-06,0.06421135197425143,68.0,2,3.7611530828757393e-06
217,26.98828900181819,3.592462349318179,0.2760683760683761,1.6586328329121683e-05,2.3399999999999996e-05,4.140272429925889e-05,-5.39845945723983e-15,-7.116533736166516e-09,0.0,15.000001,2,3.8026472696372327e-06
218,26.939652517878788,3.627729246818177,0.0021178992134122322,7.409158822787799e-06,0.000472166,0.006049233753866718,-4.371503159461559e-16,-2.128888212081687e-07,0.0,36.0,2,3.7902501881913287e-06
219,27.639291088257572,3.4052166733333387,0.14341950249763538,0.015693317149794883,0.004030211999999999,0.0011090015437301489,-2.7380240758321783e-18,9.957939592477141e-06,0.7107447449414573,31.0,2,4.106376823945333e-06
220,26.87517787409091,3.623708709166671,0.0026910077285741962,1.2917824448212543e-05,0.000371608,0.0026941344169017748,-3.062871137271554e-17,-1.1619318853205242e-07,0.002933198424145874,38.0,2,3.0757241844790434e-06
221,26.81808299219697,3.5836307630303033,0.003794604781611702,0.00271678757395938,0.047110308,0.001966629404214797,-3.195685903401028e-17,1.3102898126867483e-06,0.0,153.0,2,3.781799785341657e-06
222,26.765104289242426,3.6229098534848383,0.004515426956195843,1.919778153508226e-05,0.00022146299999999998,0.016016939628913297,-8.300922883092153e-18,-1.7660428638901906e-07,0.0,14.0,2,3.6075875675146474e-06
223,26.739437197727273,3.561054802500003,0.001155886206018373,9.790628474276347e-05,0.007959260999999999,0.003054929585795317,-4.6458063091003914e-17,3.762465840308713e-06,0.0,23.0,2,3.982261714851841e-06
224,26.68053743068182,3.6176886304545484,0.006150314033600079,0.0009683152021252119,0.005576951000000001,0.006824056165752849,-1.6530906756851758e-18,-3.858510602601866e-06,0.0,19.0,2,3.6355417541292045e-06
225,26.64842131227272,3.602801235909098,0.0025488973715647465,0.0004714890299556294,0.00976893,0.0015274647928976584,-5.0347638384795666e-18,8.614376937091024e-07,0.0,23.0,2,3.855037954420861e-06
226,27.214339038409094,3.8306938614393964,1.0,1.0,0.016749034,0.0,-6.048917154586578e-19,0.0,0.0,4.0,2,4.537729901855794e-06
227,26.47288005484849,3.627269154924239,0.5023697011457756,0.6596429725119601,0.059927177000000005,0.03365302151167261,-8.582561338054208e-19,-2.9740454304835555e-06,0.001765476121126146,309.0,2,3.973390449246727e-06
228,26.58713868060606,3.5760255238636383,0.3991052039705056,0.07367689781627323,0.029058465999999998,0.000467259317091636,-1.086235051558916e-17,2.631401659924128e-06,0.0,36.0,2,3.743029667666106e-06
229,26.656179832272723,3.5752484226515193,0.09726099328917193,0.01184534940374379,0.0005541789999999999,0.0010646414819809429,-2.0532078641444263e-18,2.5113495415740717e-05,0.8935181592951015,32.0,2,4.665961648778451e-06
230,26.521228308030302,3.6385306454545443,0.4468966560226545,0.317580698588929,0.020908156,0.0007836944242359718,-2.9328515798680183e-19,-5.508849383708601e-06,0.0,38.0,2,4.405147917920426e-06
231,26.5348487630303,3.5803515062878795,0.24365058821761418,0.021340091502363802,0.007120069,0.0046193610968173135,-1.0332107890607966e-17,7.091053007886339e-06,0.0,3.0,2,3.7238598216476557e-06
232,26.42570853181818,3.638676418030304,0.5127396460832424,0.22012706121716896,0.012894275,0.0005071833726659214,-4.2288119891670993e-19,5.188456831758646e-06,0.0,10.0,2,4.409643522829785e-06
233,26.53172954909091,3.5635011507575705,0.034701268657062474,0.15737005488653516,0.182006948,0.0,-5.188076801932595e-18,1.5238109166260638e-05,0.0,68.0,2,3.7692369917632973e-06
234,26.298422853939392,3.392786799772729,0.003630689406716003,0.017754743934343873,0.389114254,0.0024072726842569096,-1.6922659494956872e-18,-4.1846078364605e-05,0.007166959244828899,730.0,2,3.7315430757122034e-06
235,26.376311905606062,3.601521793181817,0.0002282322723420425,6.781244611173907e-05,0.016737335,0.0022342684434350064,-3.033304393456458e-18,1.2510032951520472e-05,0.0013323506997977876,14.0,2,3.7836102994236163e-06
236,26.424271432878786,3.362918514696972,0.2660764014179313,0.0029621568798107504,0.003336692,0.00675751607312904,2.0251498977666275e-17,3.2168557620171303e-06,0.5203438015855225,52.0,2,3.701336099684752e-06
237,26.17050340636364,3.4634984731060534,0.1999724304053162,0.15349423169157844,0.30025105900000004,0.0034630421538880112,-2.3089169465251326e-15,5.391500380567268e-05,0.030272339522372838,199.0,2,3.7879230885702205e-06
238,26.534239617424245,3.2258179264393902,0.2547490612733892,0.9400078144867117,0.232120031,0.0213519763886178,-1.0582882582554443e-18,-1.30527459893457e-05,0.017624545293981973,264.0,2,3.1120664852912943e-06
239,26.02591148007576,3.3778070129545448,0.11358739441813587,0.5620161954679366,1.285338525,0.0013781192516753315,-6.127859856911243e-18,-5.104655388940061e-05,0.0038032299700967885,1091.0,2,3.657811803024544e-06
240,26.079931468939392,3.6112479320454547,0.8923181858958849,0.9016821475387475,0.122216756,0.005740191990347251,8.325407429223723e-19,9.1980159473404e-07,0.0014284457034680253,182.0,2,4.333730262051268e-06
241,25.82349316848485,3.513150775227274,0.4872848184431246,0.9293334437389152,0.16184763,0.004175760479325254,-5.67045544794902e-19,8.945794206161049e-05,0.02898350133393983,510.0,2,3.6029960519034545e-06
242,26.221934092045448,3.209043221666672,0.6109317221365533,0.22217600358896827,0.05144283699999999,0.0036641411004844117,-3.3874965143067645e-18,3.0835871729098003e-05,0.015927504153785303,26.0,2,3.4820651554520056e-06
243,25.945367455454548,3.514536797803032,0.07622798924194388,0.000498315775513259,0.0019129849999999999,6.50614238988354e-05,-2.952499356112529e-15,0.0005977616702840722,0.08019874698442488,1.0,2,3.667858215971728e-06
244,25.935988019393935,3.4412579653787922,0.15780117075333347,0.007364817395531081,0.009978874,0.023889371920672378,-1.7005880482024606e-17,-9.684316668325474e-06,0.0,11.0,2,3.7158901952059734e-06
245,26.26160278371212,3.2164267290151543,0.30377735141105633,0.4440351871077093,0.1573502,0.007038463130874011,2.8635536968707756e-18,4.473363134120598e-06,0.006816044720629526,184.0,2,3.192673763671132e-06
246,25.843339287954542,3.429664308863643,0.020878251893189967,0.0006754017120334427,0.008074335,0.00036966718124338294,-2.5089115897672404e-17,-6.956770045566894e-06,0.007728190618793993,8.0,2,3.461863951161575e-06
247,25.872063191742427,3.52087598242424,0.29995962987170605,0.01695339745074042,0.008771336999999999,0.00013899486014751198,-1.425942697252937e-15,0.00010395424002359612,0.013937441920199854,2.0,2,3.680150462907763e-06
248,25.850318933181814,3.548491218257581,0.238557401649842,0.004085688463656857,0.00231901,0.0,-3.8944542035679364e-16,0.0004751380115764863,0.14260179990599436,3.0,2,3.84304813020784e-06
249,26.058163510075758,3.362042706136357,0.2383593726860628,0.06354819119026316,0.043486488000000004,0.003906642771380071,-2.8295135603029934e-17,-1.2415368480245071e-05,0.002452945843775657,90.0,2,3.56492690969842e-06
250,25.80556756931818,3.5365724111363654,0.4889898988071219,0.05030494426137844,0.008289615,0.007974460433782258,-2.5261910618912283e-16,-0.0006114076082920657,0.01033220481288938,1.0,2,3.6891552863857502e-06
251,26.050396569393936,3.3549633107575794,0.09139926040487201,0.0035174570179688208,0.007704756,0.003300388594140923,-3.959201402056055e-17,-2.0830829058226668e-05,0.009889995218537744,25.0,2,3.916254698346017e-06
252,25.42880721863636,3.588218699090909,0.448524698065676,0.6760501035490308,0.526562856,0.00077038640571121,-3.931588127975565e-17,0.000552921087723823,0.2651944728133274,664.0,2,3.5394077069381357e-06
253,26.03397164068182,3.3703473725757576,0.19541419568768062,0.019740065547197497,0.016311686,0.015407728114224202,-3.859929140637851e-17,-4.596404573568091e-06,0.0007356688940677255,12.0,2,3.855174661531464e-06
254,25.92338851462121,3.210932807651517,0.9264092600687867,0.8573994068412444,0.0432351,0.00106759881943089,-1.0918254690107943e-18,2.1592388818083009e-07,0.0006892547952936387,121.0,2,2.744910772577365e-06
255,25.83408529810606,3.347888900681813,0.12271405707649831,0.06953847749736834,0.157612367,0.0004376859425921654,-8.73562019162306e-17,-5.194551859460231e-05,0.004507146320567599,152.0,2,3.5811666164908684e-06
256,25.48874609674242,3.411737183787878,0.3892409011254837,0.1600520046368956,0.009803163,0.0038977707590302298,-2.4508898328803207e-18,8.625708110999529e-05,0.14180270184225233,19.0,2,4.113947734295823e-06
257,25.880095624090913,3.338177676287877,0.18428965438593134,0.005295963713999027,0.010136797999999999,0.005615983817449473,-1.3940807059090191e-16,-8.06927335022773e-05,0.0002989109578784149,19.0,2,3.6008561417732603e-06
258,25.473074713257574,3.5897653982575797,0.7268527987185088,0.011505660079682366,0.0071092180000000005,0.003386151380189388,-6.516055056637889e-17,0.0009353768070671218,0.1697265437633225,4.0,2,4.199629433483602e-06
259,25.36524136848485,3.413810058712123,0.08357665055909382,0.010740582855097562,0.0036392819999999998,0.03151338786663591,-2.721093343054443e-18,0.00017559242804527484,0.3840403134464436,10.0,2,2.942839040803694e-06
260,25.178583794393933,3.586282296515158,0.6061203695779314,0.4795953505655648,0.018531626,0.05370820542848862,-1.8020708670896514e-19,2.0152064324495498e-05,0.035256431356859894,23.0,2,3.605943142559893e-06
261,25.69451224386363,3.3204640638636427,0.08438974748435915,0.02259022734586438,0.060180391,0.02002117453614162,-1.15989303665215e-16,-0.00024274189092875762,0.001335318675480191,43.0,2,3.752227005700157e-06
262,25.413483792272725,3.5917480228787895,0.7640478448947965,0.20448754424343077,0.102310017,0.00034600848164380646,-4.662069341687674e-17,0.00037147462943873307,0.05163868753926608,43.0,2,3.971564963814847e-06
263,25.6018549444697,3.628226358863639,0.825248200215738,0.5521202601170865,0.034359257000000004,0.0013618538957006227,-3.4415852341761475e-19,6.8754177560719824e-06,0.02067771721606203,27.0,2,4.2748625460758e-06
264,25.178583794393933,3.586282296515158,0.5391931487387902,0.5440193647000559,0.026414757,0.004607531747017525,1.933927592633667e-19,9.451291303248474e-06,0.020018355648700463,38.0,2,3.605943142559893e-06
265,25.07860614583333,3.4370505393181823,0.0875744731127992,0.03588133423158409,0.010952107,0.012805271158270785,-2.6300373012246056e-18,0.0001816114543722532,0.13583486720865676,10.0,2,3.826690169255987e-06
266,25.595341880378793,3.3145619559848427,0.7862741375245277,0.5458606227658084,0.09409441500000003,0.0006890596258376658,-4.855192853661655e-17,-0.00015306639083307444,0.00048355686147791006,11.0,2,3.4222098997198828e-06
267,25.325105115454548,3.6265045247727272,0.2606837697670898,0.411663528051007,0.048929686000000014,0.010043117980020227,-6.34262603262479e-19,-1.1210840405679846e-05,0.01133428487564788,55.0,2,3.847546096692888e-06
268,25.544749955606065,3.296682305909087,0.5254940282961158,0.09687710680595432,0.009551629,0.00993073915692224,-3.360687921526166e-17,-2.8435723434348923e-05,0.005047306590320876,10.0,2,3.852380026368607e-06
269,25.46360415878788,3.3038100698484847,0.7286251469507007,0.7801623629277171,0.03778648199999999,0.0003489658190937535,-4.346549568835447e-18,3.81961007528619e-06,0.030941488546089056,56.0,2,3.5618283221579593e-06
270,24.932725071287873,3.6022980293181845,0.8978759911334927,0.9528014774909119,0.092363315,0.0018512932436668618,-3.1012159217470615e-19,8.370490570142867e-06,0.007485840022091021,30.0,2,4.646340746831089e-06
271,24.67495087621212,3.3674833891666687,0.4804172052128518,0.999406053726177,0.410834464,0.004190547166574989,-1.2338226016840974e-20,-0.00010165661653471956,0.004731161015741853,1120.0,2,3.460311822873094e-06
272,25.128123600530305,3.591904644772722,0.7500167840874643,0.09925764534621416,0.049645237,0.0017418717580188205,-3.9417525233426164e-17,-2.3367320752955e-06,0.019632155245829522,30.0,2,3.823921171198188e-06
273,25.77901726113637,3.61593684666666,0.7903116707337309,0.7810191709756785,0.053436169000000006,0.012274429086005288,1.3658158120291842e-19,2.570486861072302e-05,0.13090637167496044,83.0,2,4.169916132081115e-06
274,25.15576895689394,3.604156436742425,0.8320479117739557,0.12565806029403964,0.02896741,0.0,1.6530079576239205e-18,0.00020342083418026442,0.0,12.0,2,3.863485681491103e-06
275,24.745144910530303,3.5749314988636343,0.4884550171798469,0.8678518153893285,0.017816224,0.04902378290777247,-1.987938350730317e-19,5.41238755121961e-05,0.20265382833085172,60.0,2,3.886472990533511e-06
276,24.874035081060605,3.603642006212123,0.9102623347158229,0.13233156181111985,0.01773612,0.00035192315654370055,4.8585876028955726e-18,-1.2559428311404667e-05,0.006203160555972783,4.0,2,4.362579162997754e-06
277,25.07334604598485,3.3121151494696903,0.5671024027323885,0.019978573120804727,0.00210219,0.0,-1.9783513274308275e-18,6.057814945196143e-06,0.39293926809660407,19.0,2,3.83030240411532e-06
278,24.69631280787879,3.6081619279545407,0.9759517756744058,0.9814558032182333,0.368932811,0.0014076926261748022,-6.406141612947558e-20,4.865809618231533e-06,0.0010418563720536096,143.0,2,3.96570732531931e-06
279,25.158555949469697,3.655470337499999,0.5129334669144444,0.7075188796642573,0.055611655,0.002886361351148334,1.3322984536085355e-19,1.1874106508685508e-05,0.024987100276012288,47.0,2,3.826168651199485e-06
280,24.741249112196964,3.6102448837878818,0.9198128189038756,0.49827979061845373,0.071311261,0.0005737234652897303,1.4210327804046955e-18,4.8445464459144e-06,0.00042896450814409245,16.0,2,4.326054824768686e-06
281,24.56499631575758,3.57470720651515,0.05210277358812583,0.019182919998028066,0.0014413820000000002,0.0,-1.570452023768678e-19,2.6007028367616656e-06,0.3276799627024619,15.0,2,4.53484651592856e-06
282,24.925639994469694,3.3170796090909107,0.05333970225300533,8.190233051736821e-05,0.00025122,0.0024309313838564864,-4.530355718389631e-18,1.4455582668306376e-06,0.5732823819759573,20.0,2,3.908653850617521e-06
283,24.90668847181818,3.6371044765151517,0.6213356505562992,0.05139383401078015,0.024865395999999998,1.4786687249735318e-05,1.6178191601180707e-17,0.00021353890150483315,0.01570057440468674,11.0,2,3.412283228641376e-06
284,25.068282828636367,3.6229889585606045,0.04708963809203857,0.0009887224198671743,0.003583867,0.0004968326915911067,2.5149334646266263e-18,0.000577797495561951,0.07758658454680377,9.0,2,3.5179454411533123e-06
285,24.49108371454545,3.6496934265909147,0.16085889118831026,0.9357873503218748,0.977882241,0.0009847933708323723,1.0359345996945616e-20,0.0003963415151272011,0.3766607588898836,768.0,2,4.542188701880044e-06
286,24.41294166424242,3.64109554469697,0.9947493075714398,0.4854239407731632,0.217949921,0.00069497430073756,-3.42841191616802e-19,-9.489395583720949e-07,0.0,13.0,2,4.364467339029471e-06
287,24.631344049924238,3.3299876289393957,0.43271918577963503,0.01246567941450216,0.00126354,0.0,-2.195932915756776e-19,5.252147209902449e-07,0.567280814220365,24.0,2,4.225275238249236e-06
288,24.638983697348486,3.36334587242424,0.026740116655865197,0.008154151829519554,0.0121897,0.0,2.0655692512184189e-19,7.92578483310865e-06,0.000166534041034644,14.0,2,4.097807791232698e-06
289,24.273016349545458,3.651566728636361,0.6029166021014006,0.852830105350609,0.605272553,0.00035192315654370055,-7.088990043409512e-19,1.7181054331208413e-05,0.015730102005798368,156.0,2,3.6809847789012685e-06
290,24.76091449856061,3.6824254103030327,0.7434966074286276,0.3306528373958942,0.011193427,0.0004938753541411596,9.156504224989306e-20,2.781014042760701e-06,0.1477240169610254,86.0,2,3.708985528413259e-06
291,24.063161282424243,3.641462994848485,0.8390252260110707,0.9595188619823869,0.375054858,0.0,6.871427899676573e-19,3.053035548237832e-05,0.0060655713463655505,98.0,2,4.187731481978741e-06
292,24.556780326742423,3.6445021120454513,0.0008115408685894865,0.006066500983784243,0.022180029,0.0023954433344571214,-1.882765502394982e-20,0.0005480818241762926,0.9875792768350302,55.0,2,3.982090591720913e-06
293,24.115152350833338,3.635936894090907,0.8715054984074073,0.9026546139475925,0.118685094,0.00176257312016845,-6.830294378964626e-19,0.0002948617288591385,0.0608950016924619,13.0,2,4.52356144585568e-06
294,24.639801333560605,3.665317691287882,0.35432271755921985,0.5302971898044414,0.028844089,0.020219316145288074,-3.737752599609814e-19,0.000318226606342372,0.5060606004925308,42.0,2,3.7652647652507897e-06
295,24.35346126522727,3.6724412156818182,0.053970887291557086,0.06515032175427828,0.0071465009999999995,0.003767647911232559,-1.3850122183540964e-19,0.0003693334575224021,0.5702552899663766,13.0,2,4.191406864645727e-06
296,23.80090613068182,3.64758210234848,0.005326788017206727,1.0,0.031656224999999996,0.0,-2.6949854582938144e-19,0.0016934440282623424,0.6514212607472938,17.0,2,4.544077180642741e-06
297,24.416258104848485,3.6971617008333304,0.07841126359406003,0.17608834631841708,0.004232823,0.003711458499683565,-4.1863170069138653e-19,0.00025609390778036535,0.21494071450660707,5.0,2,4.051566636315212e-06
298,22.201723385454546,3.9957158070454533,0.01359491814829024,0.78235485690229,0.014489679,0.001070556156880837,1.1850072322680423e-20,-2.9861091664700805e-06,7.936683759522899e-05,65.0,2,4.555657249594113e-06
299,22.074001403257576,3.9804008117424274,0.98722116548101,0.22853019181991294,0.004288341,0.0,-2.7750631582051495e-19,1.2586335986986296e-08,0.0,62.0,2,4.679359102770991e-06
300,22.074001403257576,3.9804008117424274,0.42722191753050054,0.727032648375105,0.29200735,0.00037853919359322414,-5.605240528455339e-18,7.105509646403064e-05,0.5727780824694995,643.0,2,4.679359102770991e-06
301,24.780134756969698,3.605400154848482,0.722151600858764,0.8669646043687766,0.395509844,0.0010528121321811547,-1.1895730711239408e-17,0.0001741146667797154,0.2711834348173645,790.0,2,4.2988724691314566e-06
302,29.308496655984847,3.669713406439392,0.10734787720251833,0.6749827863853961,0.697723364,0.0006920169632876129,0.0010477856662965447,-3.603169144098004e-07,0.0,1182.0,2,5.1723947350887935e-06
303,27.08535200333333,3.2904575833333354,0.6411054978701678,0.9170247883242547,0.16750968500000002,0.007307580838819194,-1.6214725239509487e-19,5.835809541105185e-05,0.35835023509237685,449.0,2,3.2567757931541283e-06
304,27.672056851969696,3.3591449305303023,0.2952332639813956,0.7623846874613133,0.73847492,0.001724127733319138,-1.098591806421478e-18,1.2538531374586326e-05,0.00010040963882700309,666.0,2,3.583574550013666e-06
305,27.672056851969696,3.3591449305303023,0.5829276528098033,0.8263251094443306,0.41658272999999996,0.013006370104867186,-4.997927831441355e-18,1.3234735769825013e-05,0.019255282138076153,634.0,2,3.583574550013666e-06
306,25.723538334318185,3.3841120585606,0.24979822578755131,0.7058430426262361,0.823063552,0.004770185306764613,-1.1127048311606129e-17,4.3172017899935805e-05,0.008597816028670408,1138.0,2,3.6527107823558814e-06
307,25.88379501204545,3.3701774310606076,0.2322326336004764,0.23144245537174146,0.365102478,0.009138172720336426,-6.34495440129252e-17,-1.0748589723221137e-05,0.00407827689408342,223.0,2,3.39628753809503e-06
308,28.135777165075762,3.538765365227267,0.002567624911727096,0.006464525395125299,0.20664466900000003,0.006825534834477823,0.023777816395159693,4.147572489410591e-05,0.22134754417497213,403.0,2,3.701978634886905e-06
309,27.883737095833336,3.5481033940909015,0.0009856549824478367,0.004294015545313815,0.866809396,0.00625920471281296,0.14660093578450492,7.370164989595917e-05,0.9080301986020466,1802.0,2,3.1883393273388653e-06
310,28.511324735454547,3.576881906363635,0.03459554072803282,0.35461523579469917,1.600329662,0.005704703940947886,0.10949321404452844,-0.0001715729284337927,0.12731159137885179,2317.0,2,3.09053170167982e-06
311,27.51677193075757,3.565565220984851,0.02628817345651992,0.025332904157550393,0.28445639300000003,0.011280763702823073,0.25386101647205667,7.6275088980124e-05,0.9275476751193986,649.0,2,3.202221587856659e-06
312,27.459472917424247,3.7881717271212096,0.17269867228739263,0.992871309160011,0.09353003,0.002005074791064109,-1.9938775075284477e-19,-0.0002110348259659333,0.10803607140936446,937.0,2,3.7564523945292836e-06
313,27.554311688712122,3.734760488712123,0.03340056162984739,0.853358692769291,0.568059909,2.365869959957651e-05,-3.4513071494087686e-19,-4.6699743240729075e-05,0.1260665501391685,1868.0,2,3.638049351049357e-06
314,27.128638412575757,3.6234802772727264,0.08944496143860767,0.6004016196413166,0.724148515,0.001929662686090459,-6.098637220230969e-18,-1.5466947543898705e-05,0.15005114938335543,9791.0,2,3.649307905112617e-06
315,26.809322014318184,3.6855005186363634,0.7900524239909162,0.8452596392691056,0.46010461199999997,0.005340951434604397,-8.370040771588103e-16,1.7046168626451126e-05,0.10881205859331836,3597.0,2,4.331935885621199e-06
316,26.809322014318184,3.6855005186363634,0.2290298077416456,0.2862408317341447,0.588017308,0.019335072247753902,-2.7582103268031264e-15,4.072999645961736e-05,0.09183766577156605,3477.0,2,4.331935885621199e-06
317,26.585842044696964,3.5679488977272804,0.02303335365897379,0.014951512451883543,0.273774071,0.0272903099881115,-2.8275992658421987e-15,7.263643055287619e-05,0.010574989769575369,1436.0,2,3.939470128273093e-06
318,26.54190243939394,3.50881707060606,0.04394239441468114,0.08095789597879358,0.808070463,0.0,-1.1509890263106127e-15,5.054445648672618e-05,0.12166196328351626,2749.0,2,3.896593551700158e-06
319,26.21717727242424,3.5074419969696997,0.061147616154123695,0.04937381726416653,0.299328202,0.004211248528724619,-1.1076209394111925e-15,0.0002486642675140846,0.19827441451707917,724.0,2,3.1584672927552674e-06
320,26.029749153257573,3.5631075028787897,0.10691330966312283,0.2945376284607363,1.157167853,0.00035488049399364765,-1.8008598084984248e-16,0.00025461291119414513,0.4439166536369378,3615.0,2,3.2372528969371015e-06
321,25.438477455833333,3.5818755084090874,0.2590335815821906,0.890477422024645,1.9546541800000004,0.004509939611169272,-1.4001878134587227e-17,0.00012639229541640251,0.16399816155715072,6420.0,2,3.887073083942144e-06
322,23.437208505530304,3.852303190454549,0.0042504204190196935,0.6280587275693311,0.003623171,2.365869959957651e-05,-1.3783128605755938e-19,7.724614124514707e-07,0.9729380699944882,54.0,2,5.6763104903098615e-06
323,23.64742395409091,3.811866812803025,0.12303991692747857,0.04789715762434599,0.00275422,8.87201234984119e-06,-1.1239836735051246e-18,2.537834157375544e-06,0.0237090718969436,33.0,2,4.617887782972658e-06
324,23.633217989393938,3.810222621363639,0.024130692462976205,0.14890498294605656,0.01900737,0.0,-7.120390375830831e-20,4.44966011314564e-05,0.0,20.0,2,4.182057815171891e-06
325,23.84446496636364,3.8031590396969683,0.8946311540616837,0.7647430021569827,0.06838248,0.0,2.4690670535962275e-19,-5.050873927131873e-07,0.0,144.0,2,5.402154966932e-06
326,24.866276713636363,3.7261003400757566,1.0,0.03285848392080067,0.000121984,0.0,-6.462695008734096e-19,0.0,0.0,4.0,2,5.725087969225503e-06
327,24.912972346590905,3.653171576969701,0.005168058812509286,1.0,0.000464391,0.0,-8.109496563977633e-20,1.6146023812726853e-07,0.0,11.0,2,4.822484582575669e-06
328,24.9353850019697,3.6311716160606053,0.8972516169522847,0.6406045429404256,0.0009177759999999999,2.9573374499470636e-06,-7.110416592811303e-20,7.966685085832864e-08,0.0,100.0,2,4.684285845913911e-06
329,25.232091067272723,3.4953371762878866,1.0,0.8112531549545547,0.000405311,0.0,3.660261505025222e-19,0.0,0.0,166.0,2,4.957973093264776e-06
330,25.232091067272723,3.4953371762878866,0.9740157614082287,0.8827377304255878,0.099126168,8.87201234984119e-06,-3.2733602609083906e-19,6.463629208935729e-07,0.0,136.0,2,4.957973093264776e-06
331,25.54678409939394,3.5506838975000043,0.18770567974302185,0.8720882100958094,0.047298654,0.0,9.342301652445684e-20,-1.112399233965259e-05,0.0,82.0,2,4.364328320567549e-06
332,25.469836184848486,3.569472386590906,0.6885559451579677,0.993426094597317,0.10138056100000001,1.774402469968238e-05,7.556849485890229e-19,6.69518099139505e-06,0.0,200.0,2,3.7638154828992825e-06
333,25.590200201969697,3.571731383939394,0.3482328482328482,0.0005071681211983444,3.8480000000000004e-05,1.774402469968238e-05,-5.521167439122403e-19,-3.827896383857397e-08,0.0,19.0,2,4.391322829112282e-06
334,25.583276752954543,3.6021980361363646,0.9999282559254628,0.5767776706483252,0.043069759,1.774402469968238e-05,8.081665799925892e-19,-5.516096046197733e-10,0.0,218.0,2,3.7777424292497264e-06
335,26.613764970757575,3.884774529696969,1.0,1.0,0.001287888,0.0,5.44497716946397e-19,0.0,0.0,94.0,2,5.2268537142467774e-06
336,27.92184050780303,4.0915939262121235,0.6315894483140575,0.9970478145435121,0.003197707,0.00013308018524761786,3.2698806905082694e-19,5.7179883319137015e-06,0.3626251560884096,61.0,2,6.664781702208791e-06
337,28.197422811893944,4.1149065435606005,0.007071216053195279,0.0005055327869314209,0.007297189,6.210408644888833e-05,-3.1038811994437643e-18,5.818718529664239e-05,0.01626790809447309,16.0,2,4.827227654387417e-06
338,28.4250272744697,4.051269285833335,0.10293475819197599,0.1274116208771454,0.04959182000000001,0.00015082420994730025,2.8046959426705512e-18,4.188340576168251e-06,0.6486934135508637,330.0,2,5.46729586393763e-06
339,28.469319887878786,4.039483531969697,0.024134337786752617,0.5830181988243237,0.031199323,0.00014786687249735317,-2.1450936770070393e-19,1.676111340515832e-05,0.24947118243559324,159.0,2,4.998094748671677e-06
340,28.722597529621215,3.991808350227263,0.00031885038186254573,0.004138956105202251,0.077779427,2.9573374499470636e-06,-3.419633468935205e-20,2.9584664903982062e-05,0.0,216.0,2,5.355035716984826e-06
341,28.684290719015152,3.995735938409098,0.00031246599131354503,1.0,0.080328742,0.0,-1.523667467418965e-19,2.0645988940141667e-05,0.0,315.0,2,5.57792795366206e-06
342,28.19508319159091,4.153211418181819,0.00020264689265307742,1.0,0.004934692,0.0,4.2736893956876797e-19,-1.8377291712829863e-05,0.0,87.0,2,5.856598171370051e-06
343,28.819705435454544,4.054032660151513,0.024747616084070886,1.0,0.0009576680000000001,0.0,1.140913374801078e-22,3.511658320166928e-08,0.0,347.0,2,6.6303154248429874e-06
344,28.174647249242422,4.195784132424247,0.0009253313148772918,1.0,0.0010806939999999999,0.0,-6.970182231481379e-20,-7.1340132593646415e-06,0.0,44.0,2,6.3270843539777406e-06
345,27.950859699015155,4.324372722196955,0.0033514889697284582,0.740618828176432,0.006713434,0.0,2.976403129982703e-19,-9.828258575142334e-06,0.0,29.0,2,5.677369738949718e-06
346,27.74729777363636,4.466298559393941,0.1589825119236884,0.00014557757173698792,6.29e-06,0.0,2.0209522604119085e-19,4.3905793904282145e-10,0.0,122.0,2,6.6204336409375946e-06
347,28.850195786666667,4.413015261439398,0.0030648129643825483,0.0011236523348593316,0.002682056,5.914674899894127e-06,6.442856550093188e-19,-7.501082707752949e-08,0.0,226.0,2,5.938178604689861e-06
348,28.77941287681818,4.623668267575749,0.2410007972036549,0.025357358085900148,0.00016307,0.004977198928260908,2.6414460148387816e-12,-2.79972606177709e-08,0.0,41.0,2,6.531022977427762e-06
349,27.253404478560608,4.877329975909081,1.0,0.00017139311753797213,1e-06,0.0,3.392227149950309e-19,0.0,0.0,202.0,2,6.124862015716003e-06
350,28.740605224393935,4.653537047575757,0.21417533632055236,0.4400596076654609,0.0017414190000000001,0.003356578005689917,9.749177705384238e-11,7.356139082697332e-09,0.0,347.0,2,6.755280614280867e-06
351,28.70322966924243,4.75675135530302,0.07549496221333467,0.060390258988536304,0.000382807,0.0016383649472706732,2.1783175386013914e-10,1.4258554311554731e-08,0.0,143.0,2,6.104938860658103e-06
352,28.130243903939398,4.89298131833333,1.0,0.0012529554085699644,1e-06,0.0,4.446668561831098e-14,0.0,0.0,3.0,2,3.964788464946733e-06
353,28.676228979848485,4.786357002196976,0.0005097032202030045,0.0003087562341743132,0.001961926,2.9573374499470636e-06,2.0457154866548094e-09,-2.361414732866619e-07,0.0,142.0,2,5.195868845476282e-06
354,28.69068394590909,4.780451284015147,0.0007091610128804914,0.0002584050773496838,0.001410117,0.0024752914456056922,2.2146001534382e-09,-7.378108831411255e-07,0.0,119.0,2,5.451843424604057e-06
355,28.080959875984846,4.909915521363644,1.0,0.000216599914183114,1e-06,0.0,2.5934923038042482e-11,0.0,0.0,5.0,2,4.599452801597953e-06
356,27.085449650530304,5.0045539771212155,1.0,0.8865446270548705,0.005285142,0.0,4.932066954319857e-19,0.0,0.0,12.0,2,5.791618443736833e-06
357,28.73309309136363,4.794200636439395,0.00019348355138284627,0.02891844997108155,0.005168398,0.0,2.6178979835481624e-11,-1.9751616924271203e-06,0.0,195.0,2,4.5586588985512125e-06
358,28.098960024999997,4.909502553863639,1.0,4.918841089558717e-05,1e-06,0.0,3.568255484340244e-11,0.0,0.0,73.0,2,4.9303449548620435e-06
359,28.818972135,4.738851474242427,5.881986182038062e-05,0.005319912966223872,0.01700106,0.0,1.5097937490524758e-10,-2.02354310643397e-06,0.0,278.0,2,5.172310040476772e-06
360,28.793110429166667,4.753116531136364,0.00035830337618522276,0.0004479770922434109,0.002790931,5.914674899894127e-06,4.138870458783001e-11,-4.7863216910380464e-06,0.0,50.0,2,5.519135874222018e-06
361,28.76886435075758,4.758563049999996,0.0005017410414137055,0.00011097083164981335,0.0019930600000000005,0.0007511637122865542,1.9773062016594452e-11,-3.976539668067455e-06,0.0,42.0,2,5.892663468394326e-06
362,28.322822839166665,4.805583664242423,1.0,0.0038121087823362126,1e-06,0.0,5.527226891560738e-15,0.0,0.0,46.0,2,5.056522085622049e-06
363,28.895135240530298,4.667363448484853,0.0007221327178836889,0.02273760800363802,0.001384787,0.0004021978931928006,3.487688109019113e-11,-2.0280633247444433e-06,0.0,67.0,2,6.858367455824985e-06
364,28.371414644166666,4.767110964469698,1.0,0.05076142131979695,1e-06,0.0,7.941741161661559e-20,0.0,0.0,51.0,2,5.269839947202777e-06
365,28.996270274924242,4.588472607348486,0.0017832146009611528,0.002127089333497828,0.000560785,0.0014520526879240082,1.0775215204647711e-18,-3.423046492220103e-06,0.0,18.0,2,6.071627871231682e-06
366,29.03621024159091,4.561647880303024,0.0008210639017613463,0.0005570593062049164,0.001217932,0.0018512932436668618,-1.1731056524662745e-19,-3.6143309693729654e-06,0.0,38.0,2,5.893494996977038e-06
367,28.495135555227275,4.630950896439405,0.02178649237472767,0.07999999999999999,4.59e-05,0.0,-1.269138653419047e-18,-1.784672491014185e-08,0.0,73.0,2,8.207650440423498e-06
368,29.178275117651516,4.436277951060603,0.0026437191841482597,0.0007218684264856413,0.000378255,3.25307119494177e-05,1.0844376824785165e-18,-2.96932954382678e-06,0.0,11.0,2,5.799052366693916e-06
369,28.53521329863636,4.582093397878797,0.045454545454545456,0.0031071629427318797,2.2e-05,0.0,2.692494016695529e-21,-4.177706288927378e-08,0.0,15.000001,2,6.5007301258133915e-06
370,28.825411505833333,4.446428448560599,0.0003552531640623057,0.020161290322580645,0.002814894,0.0,-2.4382077738111318e-19,-1.1816540081741748e-06,0.0,8.0,2,6.824114676868632e-06
371,28.662042925833337,4.469627440984848,0.06024096385542168,0.0003269122322384498,1.66e-05,0.0006239982019388304,7.606132649650271e-19,-5.0624058514018406e-08,0.0,10.0,2,6.447777509414381e-06
372,28.62630955340909,4.469065901212122,0.011507479861910242,0.00046965136370318223,8.69e-05,5.914674899894127e-06,-5.588706454700136e-20,-2.7243883154158706e-07,0.0,10.0,2,6.471796715222347e-06
373,29.334262295984846,4.188908645227276,0.09625374320112447,0.0030424349653367655,0.00039271200000000003,0.001481626062423479,-2.820823282374662e-19,-2.812395604124536e-06,0.0,12.0,2,4.418228628792842e-06
374,27.959928361136363,4.48360968015151,1.0,0.020833333333333336,1e-06,0.0,1.8622050626795292e-19,0.0,0.0,33.0,2,8.506397430826192e-06
375,28.91037883893939,4.225227440606066,0.030496465395682043,0.619960114454175,0.002344534,0.0,-2.0806420624944992e-19,-2.727536811276502e-07,0.0,59.0,2,5.467887201502204e-06
376,28.813226260909094,4.291724353484849,0.05980881006902796,0.01025196033340961,0.000302631,5.914674899894127e-06,-3.451548556401117e-19,-4.409230190939265e-07,0.0,22.0,2,5.303263314453941e-06
377,29.040630248712123,4.194164165984848,0.05083208398557386,0.06302971868352009,0.0024486110000000003,8.87201234984119e-06,-7.967776145811318e-20,-4.493618951149596e-07,0.0,36.0,2,6.702672439955931e-06
378,29.14492526287879,4.028917727272724,0.0026682345129929058,1.0,0.001933863,0.0,-5.032168905953082e-19,-2.731323134158961e-06,0.0,5.0,2,4.870925074052701e-06
379,29.390443604999998,3.913155192651505,7.372836450359687e-05,0.0002771903651955342,0.013563301,0.0,-1.6318758064939664e-19,-1.091411805149114e-06,0.0,42.0,2,4.473390318138141e-06
380,29.389409303030302,3.8860745056818224,0.0007359521454476944,0.0001014342395738788,0.001358784,2.6616037049523572e-05,8.222829407695874e-19,-4.817659214722393e-07,0.0,19.0,2,4.581853841932794e-06
381,29.414351906060606,3.8610562532575905,0.0015498061192544812,0.0004668738964268273,0.000645242,8.872012349841191e-05,-8.590635830503592e-19,-5.809492169725181e-07,0.0,10.0,2,3.9928359030143475e-06
382,29.388270995833338,3.82449448840908,0.003386386725364037,4.683605362596999e-05,0.00029529999999999997,0.0024013580093570157,-1.0827230960020783e-18,-2.3252772469465427e-07,0.0,12.0,2,4.071352175302771e-06
383,29.390304224924247,3.7145334928030245,0.00023365146538021283,1.2957086660221898e-05,0.004279879,0.0002277149836459239,9.576017661439584e-19,-1.0334273487858115e-08,0.0,31.0000019,2,3.828681381453359e-06
384,29.38782327401515,3.7122753031818227,5.400849715685768e-05,0.0023462557277967953,0.018515605,0.00013308018524761786,5.202984018287479e-19,1.8249498842767948e-08,0.0,26.0,2,5.416206774231712e-06
385,29.37234947068181,3.693974290227281,4.305248389287735e-05,3.796045438031219e-05,0.044596729999999994,0.0,-5.583442251363035e-19,3.536564553896234e-07,0.0,105.0,2,5.062594027056953e-06
386,29.292391086136366,3.670277291515152,0.0001014151925065826,0.0003039213551813643,0.068135748,0.00427039527772356,-3.250807399624214e-19,4.407678847265732e-06,0.0,144.0,2,4.883255439588027e-06
387,29.19526298030303,3.766309011136361,0.15754437113452666,0.023392748108772107,0.003911552,0.0,7.129985315238077e-19,6.45684617368716e-07,0.0,40.0,2,3.6267307094603843e-06
388,28.863160232424242,4.060637208939397,1.0,0.08077154912597952,2.68e-06,0.0,-3.7255878786549833e-19,0.0,0.0,238.0,2,4.973356915765211e-06
389,29.155213042272727,3.7510840891666675,0.32772289748812156,0.8241235977088928,0.031803767999999996,0.0,6.11638993095106e-20,6.556370580060131e-07,0.0,93.0,2,4.0272025432379855e-06
390,29.1988771519697,3.678712962424246,0.0024250907761809598,0.09530779923502004,0.021854852,0.000514576716290789,4.16944006672534e-20,8.326543675217411e-06,0.0,64.0,2,4.675240799494159e-06
391,29.133529420000006,3.760229834469694,0.45748509511392493,0.9993570694589374,0.013726539,0.002416144696606751,-2.583668552999016e-19,3.606869569241057e-07,0.0,87.0,2,3.9612401922771386e-06
392,28.604989181666667,4.149821586893935,1.0,0.0057964651851953475,3.38e-06,0.0,-2.7506235165044536e-19,0.0,0.0,33.0,2,5.360996183882676e-06
393,28.89648580219697,3.997318316212116,0.7508250268117893,0.8030656496720444,0.028442712,0.0,1.9071052272958694e-19,-1.4118331658512839e-06,0.0,20.0,2,4.416052065181213e-06
394,28.670707809318184,4.151022553636363,0.9062093407514428,0.8426470915690015,0.000501116,0.00023954433344571216,-8.682293892538553e-21,-2.7013450726047564e-07,0.0,7.0,2,4.997971842642332e-06
395,28.86745115727273,4.0064931230303,0.9403834667600509,0.833674407238462,0.044084499,0.0,3.977129880088652e-19,3.272205728015421e-08,0.0,80.0,2,4.636321418351338e-06
396,29.044789278333337,3.7113112930303025,0.00036514050147163827,0.0002914621770971528,0.017198859000000004,0.0011297029058797783,-4.185004503926291e-19,1.436665328776956e-05,0.0,66.0,2,3.919212981319931e-06
397,29.0102016144697,3.6992916810606005,0.0002224470420327033,4.547135125259249e-05,0.004495452,0.0002839043951949181,-1.983021589169302e-18,1.8903696672651885e-05,0.0,15.0,2,4.63662985588631e-06
398,28.930384294848487,3.8924306284848456,0.08602770754010966,0.07243685871749746,0.005123081999999999,0.0005411927533403127,1.1985185331403343e-19,-2.0683737882730289e-07,0.0,61.0,2,4.498923427639669e-06
399,28.96377696204545,3.796120029696972,0.04873824189914183,0.01735646371397616,0.000533462,0.0030105695240461106,6.183472863854408e-19,-1.0518697032178522e-07,0.0,17.0,2,5.0058683896695535e-06
400,28.890610725378792,3.8937537202272665,0.6182025271486045,0.26026305151888757,0.00416596,0.00010646414819809429,8.15269211732265e-21,1.2828992174827565e-07,0.0,31.0,2,4.145749358928969e-06
401,28.891791136969697,3.6794818234090947,0.0015735899549502459,0.0010302451003213696,0.011756557,0.0012450390664277137,-1.6107489544898113e-18,3.390305750920823e-06,0.039929122106072384,125.0,2,3.710801469084766e-06
402,28.592719858863635,4.122379765000009,0.0017219587625315546,0.005689576695493855,0.0005807340000000001,0.00023954433344571216,1.3533764629034977e-20,2.875853201842643e-08,0.0,14.0,2,4.607250511392802e-06
403,28.82424899833334,3.872493442348471,0.00051082045427263,9.401214994223424e-05,0.001957635,0.0,6.826556159277634e-20,1.7585918708747813e-06,0.0,9.0,2,4.02876214935115e-06
404,28.87720993522727,3.6867278044697045,0.42735042735042733,4.8397090773438256e-05,2.34e-06,0.001395863276375014,-1.7861059710746483e-18,2.020819162531994e-09,0.0,68.0,2,4.112736066891573e-06
405,28.84114032469697,3.663220712727277,0.004974579896727721,8.810602185276039e-05,0.00020102199999999997,0.0007777797493360777,-1.680275966516731e-18,1.4412282712641775e-06,0.3393658405547652,7.0,2,3.7844588092619012e-06
406,28.79954345507576,3.6629438018181837,0.0019933572203180666,0.0007837870194394146,0.004203963,0.0017152557209692968,-1.0459905640886185e-18,5.026553364072823e-07,0.08404902707278822,138.0,2,4.843795911727637e-06
407,28.651963231060606,3.592857547651519,7.553025258524949e-05,7.444447670371769e-05,0.013239728,0.00015969622229714144,-7.204494981153113e-19,7.20312175388936e-06,0.062082770884719085,38.0,2,4.031689979394539e-06
408,28.700789489393944,3.6412076814393934,0.0001288133418676466,0.00010508762836979243,0.007763171,0.006772302760378776,1.50871126284772e-19,4.334152717832193e-06,0.0008256935213716148,37.0,2,3.1182780855781253e-06
409,28.654745912954546,3.634925461060611,0.00018147190043725655,0.005963384817222255,0.005510495,0.00010054947329820015,-1.0443362028635125e-19,2.580430748159871e-06,0.0,55.0,2,4.266239760891841e-06
410,28.610280605606064,3.6210956585606056,0.9724282766751817,0.052862421440595955,0.000162848,0.0015111994369229494,9.69025543993622e-20,5.3306459316778886e-09,0.0,18.0,2,3.1499059463648513e-06
411,28.590672111212122,3.618404497727269,0.9581216816335426,0.9458662822282863,0.008478946000000001,0.00026911770794518276,7.004345190260954e-19,1.9510894264308235e-08,0.0,198.0,2,4.02136321608881e-06
412,28.52086004621212,3.796380999166672,0.007401199509827026,0.10185518321264424,0.002715776,0.0005441500907902597,1.8856327818167292e-19,4.002923170177948e-07,0.0,110.0,2,4.472441722833678e-06
413,28.551529073333334,3.593466288863631,0.001999160706337092,0.0028757483307935133,0.002826186,0.0,1.405042371037674e-18,1.8494592214516753e-07,0.0,47.0,2,4.388286156531825e-06
414,28.647028027272725,3.6279505679545423,0.1121509089067745,0.2756187921075649,0.009982817000000001,0.00028686173264486515,-1.8036507820596277e-19,-7.558805295509707e-07,0.0,100.0,2,4.2271289794582464e-06
415,28.515035171287877,3.6097877390908977,0.005051621493221323,0.04765443568751656,0.16069256199999998,0.0030490149108954225,-3.8074130979080844e-19,-3.0856091616217466e-06,0.0,369.0,2,3.6854926982869164e-06
416,28.411181736893937,3.6032862256818206,0.0006417957932664731,0.0001617240390021899,0.009457837,0.00039924055574285357,4.917026258811219e-19,6.63282517861834e-07,0.01994377784265049,25.0,2,4.0378380442630275e-06
417,28.418923255984847,3.6139867802272754,0.34873591744183974,0.007745551430526005,0.0033605399999999995,0.0,5.1220082320467595e-18,4.839235428560797e-07,0.046555017943544795,47.0,2,4.212339922266827e-06
418,27.88635039810606,3.928351030454543,0.03326298908709616,0.0007971492675201266,0.00022697899999999998,2.9573374499470636e-06,1.4373366395250864e-18,-2.2452258996636784e-07,0.0,3.0,2,4.231657031750714e-06
419,28.324670711439396,3.491688479999997,0.004523841607792558,0.0218029998453688,0.000311682,4.436006174920596e-05,-1.5455208001063297e-19,1.0725912549064031e-06,0.0,26.0,2,3.250539898512739e-06
420,28.361904854924248,3.571006480378781,0.000250819669389949,0.0026796061872106864,0.043058823999999996,6.50614238988354e-05,1.1762549669534693e-19,4.386169313102536e-06,0.004640442572235601,36.0,2,3.892007463448055e-06
421,28.392388278939396,3.5616968573484833,0.00016284644733511968,0.0006823061949388933,0.025054277,0.00432067001437266,5.73876609088518e-19,-1.3317394865533425e-06,0.0012652530344419836,26.0,2,4.2670113149329265e-06
422,28.221979974545455,3.7447481165151473,0.26477706501012416,0.10785696883435289,0.019460292,0.0,-1.8907107174867325e-19,-4.485734116989398e-06,0.0,39.0,2,5.577399278863527e-06
423,28.112338374242427,3.734772154999998,0.9995266793659241,0.47613179081981816,0.030845898,0.0,-8.843147080671714e-19,-3.086940076336425e-10,0.0,55.0,2,4.474939512422682e-06
424,28.285627534469697,3.4846016657575767,0.008595275509772621,0.0029541351459652474,0.001442653,0.0012154656919282432,4.1582964963081786e-18,1.365043656137898e-06,0.5184053268526805,34.0,2,3.2585041980592648e-06
425,28.223850145000007,3.689971627499993,0.21878829678992143,0.18790100979024973,0.053128637,0.00019222693424655914,-1.334698116985378e-18,-2.5803473745808022e-06,0.0,37.0,2,3.7550605483011756e-06
426,28.279434051287875,3.551690605833336,0.21053559292900198,0.008089296536241769,0.0025132519999999997,5.914674899894127e-06,1.5296356236228614e-18,2.60708718483644e-07,0.2867464146054594,28.0,2,4.195809392628122e-06
427,28.281568997424245,3.57910233840909,0.058764844956473015,0.002379422752040355,0.000219519,0.0027591958408006104,-1.3653972586392324e-18,5.76349946504907e-07,0.1338380732419517,16.0,2,3.7507365013890046e-06
428,28.216503947651518,3.5225046065151524,0.0011793716699055002,0.005131242765716204,0.018399628,0.0015437301488723672,2.6372647918267875e-19,2.1280030055474073e-06,0.028522913615427442,28.0,2,3.4108095771849377e-06
429,27.630693338939395,3.872117452500003,1.0,0.33191824400476316,0.000458245,0.0,-4.133732500498613e-19,0.0,0.0,7.0,2,4.659063870692678e-06
430,28.18390361560606,3.584274691363639,0.42277292215596474,0.7634691063575245,0.049535022,0.0026763903922020927,3.35294285497105e-19,-1.9327570050167868e-07,0.0,251.0,2,3.874137455642516e-06
431,28.174649024772727,3.5844341366666654,0.005698228005096578,0.0006565150513172974,0.0019479739999999999,5.914674899894127e-06,9.821800089818433e-19,2.371283478410336e-07,0.0,12.0,2,4.149507995570162e-06
432,28.141702589166666,3.417532023484849,0.0005941710630373905,5.332857016765548e-06,0.001683017,0.00011829349799788254,1.199093721451079e-16,2.6474186782321896e-06,0.6467017267205264,31.0,2,3.265550719852433e-06
433,28.116386665530307,3.5496022199242354,0.01760255068562846,0.022764125447170037,0.076997023,0.0024043153468069627,-8.365949193942445e-19,-1.3980059610688635e-06,0.0,130.0,2,4.4093879247070865e-06
434,28.01800041257576,3.398772249090907,0.003238425280364203,0.0005020153111611943,0.012166407,0.004444878187270436,1.6176635226662646e-17,3.370475984156333e-05,0.6384622838936754,74.0,2,3.2161362584511116e-06
435,28.026613658030296,3.534086868636372,0.8659697340312782,0.21934607097094605,0.029244529,2.9573374499470636e-06,-2.7191923154861476e-18,-1.414172189031832e-06,0.0,42.0,2,3.0340487830046406e-06
436,27.93970251181818,3.329372343787881,0.9060416988581567,0.9896694214876033,0.0018767900000000001,0.024998373464402528,-1.3942951800770517e-19,6.004798621454401e-07,0.08912025319828004,15.000001,2,3.247846801443721e-06
437,28.01389067431818,3.464494199393936,0.002815326111270891,0.008354623979332374,0.07040925,0.0,3.9650744792414084e-19,1.0237134516326641e-05,0.0,94.0,2,3.77409649867751e-06
438,27.719935105227272,3.3101503590909083,0.09959054286091666,0.0009748103545434857,0.0035810829999999997,0.0021174536141620975,4.55093861900791e-17,4.219960202945275e-06,0.3971457796426389,20.0,2,3.0923777734602103e-06
439,27.936416787499994,3.603684890454552,0.12377339794394202,0.8990541365460063,0.026166188,0.0004850033417913184,-1.5069184685993751e-19,-2.112390616384389e-05,0.005981001130160802,29.0,2,3.3636945401500826e-06
440,27.88688858401515,3.472115278636366,0.01380277734320489,0.0031352142440406925,0.036216913999999996,0.0031820950961430404,2.957137443113346e-18,-8.759943413080649e-07,0.0,144.0,2,3.970141595384175e-06
441,27.90984404780303,3.5316740756060625,0.0021258043118397457,5.309753308861271e-06,0.000508043,0.0,6.816823389016035e-18,-2.37078826203975e-06,0.0,9.0,2,3.0478158199488994e-06
442,27.662681135530303,3.5858512403030325,0.7669019204974866,0.2818639344380024,0.031628107,0.0010054947329820017,7.161923542854355e-18,4.6031559383634576e-08,0.0,153.0,2,3.4683809279069077e-06
443,27.908310520984852,3.329811094393932,6.578293967496375e-05,1.3905322500841338e-05,0.032683246,0.0005855528150895186,-4.7067503296553383e-17,9.23540378018385e-06,0.029564321732302844,37.0,2,3.2533305129740985e-06
444,27.942268799166666,3.3709781201515128,0.047628642829332546,0.006708962206790732,0.015672502,0.003069716273045052,5.4413396531616315e-17,3.168075076057049e-05,0.2529534850274704,48.0,2,3.1640957111071405e-06
445,27.61544095409091,3.2848530351515066,0.15998650605414277,0.08621094397325763,0.16199857499999998,0.01030336367561557,7.193681414441329e-17,1.3611823351122113e-05,0.4518902342196529,309.0,2,3.020992393727896e-06
446,27.52697998181818,3.659521138257574,0.7927377862109708,0.14186441867306984,0.001933102,0.0033240472937404995,-2.2214978254520543e-19,7.986832957164044e-09,0.0,28.0,2,3.5171858809909383e-06
447,27.65458230522727,3.3721795322727317,0.00505357616845358,0.01635213898817578,0.24628776899999996,0.0002188429712960827,2.462023020221895e-18,3.050669321613709e-05,0.0,157.0,2,3.7255027551855715e-06
448,27.65458230522727,3.3721795322727317,0.21067256001055723,0.6221219029393037,1.348584462,0.000419941917892483,3.661045804622541e-17,-6.274234626762502e-06,0.0009028073764059132,2709.0,2,3.7255027551855715e-06
449,27.935984106287876,3.4295039676515167,0.005774528838081377,0.004411324255329755,0.031507852,0.00020405628404634738,6.746669600266999e-19,1.1156676953721916e-05,0.0,36.0,2,3.904019505893107e-06
450,27.881077821439394,3.474315585909089,0.055776892430278883,6.352132610231619e-05,3.514e-05,0.00012420817289777666,-2.68545175901554e-19,1.6022789507815326e-08,0.8679567444507683,31.0,2,3.599334932757653e-06
451,27.677156897575756,3.518554996969698,0.4460547473304592,0.07552882178814328,0.037740105,0.0011356175807796724,1.3096737519984575e-18,-1.0001726754905173e-06,0.0,79.0,2,3.4823391008611823e-06
452,27.708423467424243,3.4271139944696998,0.21939481128372867,0.21473196076100567,0.15352510299999997,0.00043472860514221835,-5.262524767565246e-19,-1.304836339526176e-05,0.0,155.0,2,3.789978688366007e-06
453,27.713275476212118,3.503534137121221,0.9906498572245781,0.6052730803490448,0.03809129,0.0,-9.47694521704332e-19,5.4274592058042725e-08,0.0,71.0,2,3.904105770695802e-06
454,27.876747704848484,3.4875748998484823,0.026529507309149974,0.0017291281876831023,9.235e-05,0.0014224793134245376,1.7618972900323527e-20,2.397426199949061e-08,0.6811044937736871,35.0,2,3.791715531698782e-06
455,27.638380550757574,3.463487436060607,0.3439893361280499,0.4763645815419466,0.26436551499999994,0.00045247262984190074,-1.8358401787472114e-18,3.6858280108943792e-06,0.0,173.0,2,3.2332173837403884e-06
456,27.671141902878787,3.2073123901515146,0.4087891311593951,0.000594941725305184,0.0005490190000000002,0.004575001035068108,1.4911845629822524e-16,6.390586159259377e-08,0.08068937504895092,16.0,2,3.151486969887221e-06
457,27.840003123560606,3.4214198537878815,0.16383017468584357,0.18636762592101838,0.025073811999999997,0.0,-5.931120853393161e-19,-1.8830398046112285e-07,0.0003449814491709518,591.0,2,3.259749996108492e-06
458,27.58387517151515,3.4935459525000034,0.40284076589973644,0.07013984730937836,0.04515578,0.0032796872319912937,-1.5088413980682374e-17,7.878147363990325e-06,0.0,46.0,2,3.0435075225834034e-06
459,27.430355960833335,3.193359657121217,0.5952507281393513,0.04205268832386468,0.024987662,3.548804939936476e-05,2.9195531625961255e-17,-7.628706083042594e-06,0.14876681940071063,37.0,2,2.8610192467544827e-06
460,27.25863315825757,3.148717645681824,0.37231320679280494,0.3229901578425232,0.338292829,0.010436443860863188,1.0044540205015131e-17,8.427696299633527e-06,0.4427856849427925,848.0,2,3.136162266793895e-06
461,27.76383237469697,3.3521876010606064,0.45117484308054306,0.6327321694688238,0.058546755,0.00016856823464698263,5.881553198616136e-20,8.383667722177542e-06,1.7251169599408202e-05,145.0,2,3.6005345369788046e-06
462,27.64922715295455,3.464615289848485,0.39561767504461587,0.8275102856001599,0.003927413,0.0009522626588829544,1.2459096686219362e-19,8.722452858259403e-07,0.0,23.0,2,3.893863905852122e-06
463,27.45383961636364,3.498116749621204,0.3874086466061621,0.022069674748561603,0.004455089,0.0020790082273127856,2.493466507902825e-18,5.633783157418174e-06,0.005306291299679985,14.0,2,3.751496844058371e-06
464,27.770907768333334,3.3135251539393984,0.009561980010079586,0.03776472620799635,0.008732501,0.0007984811114857071,3.876661867682812e-20,-2.669719731995769e-05,0.0,29.0,2,4.1354619926069514e-06
465,27.45499936583333,3.4202763767424322,0.33846271672249295,0.7426731861224388,0.36540162,0.0005914674899894127,7.546878906504356e-19,3.334067466145623e-05,8.125306067334897e-05,120.0,2,3.535619685549315e-06
466,27.12315084340909,3.1332006385606057,0.0018762468281821316,0.00020009339117956932,0.0353898,0.01853363379881825,4.942098434049946e-17,0.00023015383646663533,0.307573820705401,44.0,2,3.2592826345383637e-06
467,27.286946255833335,3.1421427467424223,0.5924706065088087,0.3139680223488563,0.12348311999999999,0.00474356926971509,2.482653568402357e-18,2.8592522024671662e-05,0.0465817190236204,45.0,2,2.800474841824402e-06
468,27.537348078030302,3.2779570531818187,0.0028914809503952153,0.007954080680248075,0.134617176,0.0012391243915278196,3.769155221367602e-19,0.00010012168058241974,0.1524549363596812,99.0,2,3.2781624802840627e-06
469,27.366040152727273,3.4060158838636383,0.02456232745082125,0.005416259851796516,0.023237578000000002,0.0,-3.2172145854589123e-18,5.814113642036902e-05,0.016382430217125037,12.0,2,3.742255162714705e-06
470,27.315964753257575,3.441180946590908,0.018314837452946098,0.020105312633484203,0.06499194999999999,0.004045637631527583,-5.627478349251482e-19,2.515504254082567e-05,0.005124265389790582,39.0,2,3.6871996941714954e-06
471,27.16447288689394,3.490121234545459,0.5256412484282644,0.222147828393665,0.015767602000000002,0.0011977216672285607,-2.4295479212880183e-18,3.5966809426249086e-06,0.0,34.0,2,4.114213659823738e-06
472,27.626294664848487,3.2197693446212163,0.6556385536884418,0.9310110989217221,0.11801363199999998,0.00288044667624844,2.911701705105467e-19,1.24284191136131e-06,0.0035302531829543224,578.0,2,3.4371898534666345e-06
473,27.395219319545458,3.378218758787874,0.0001758153770622614,6.737463980649496e-05,0.048118658,2.0701362149629445e-05,-2.7132765421297907e-18,7.3645253327906e-05,0.03689331901151524,30.0000019,2,3.82691177981915e-06
474,27.298637821363638,3.3711281986363595,0.0002812492186752758,0.0004504583537891871,0.135467043,0.0021026669269123624,-5.562242238009859e-18,6.943751180970675e-05,0.03722138527818902,78.0,2,3.2852927054441263e-06
475,27.602244107196967,3.2498812175000005,0.9602287667542568,0.6198091256210183,0.052143241,0.00035192315654370055,1.6715878359435139e-18,1.1833528305928495e-05,0.0,27.0000019,2,3.445954009805717e-06
476,27.000495643030305,3.0838647328030255,0.18528114815364807,0.2044988376290852,0.17406367199999997,0.004223077878524406,5.177065373618289e-18,3.0003066939575912e-05,0.029863089410178595,240.0,2,3.2315537711438734e-06
477,27.215974031212117,3.125164474393948,0.5677553632102144,0.2796615309133738,0.11029513600000002,0.0009611346712327957,2.2790480237061045e-18,-1.942990319813258e-06,0.014131838053130464,40.0,2,2.919979028750134e-06
478,27.156848857045453,3.374029991666667,0.010087722794737313,0.05867047774796825,0.12669340999999998,0.0034541701415381704,5.586437888803916e-19,1.63812255941505e-05,0.00243499642167655,82.0,2,3.4123664228949175e-06
479,26.722766742878786,3.058320762954544,0.22795784925843096,0.8866404290586843,0.855812891,0.004418262150220913,-1.0531928929175215e-18,0.00019177150271571243,0.4271026562510613,1212.0,2,2.652920329312558e-06
480,27.252227553939395,3.318211018712123,0.0006336344940480406,6.340116104817104e-05,0.008680083000000002,0.0003016484198946005,2.0885614559274708e-19,6.424595195831643e-05,0.10584495563003254,9.0,2,3.2636441495879924e-06
481,27.015890913409088,3.090451033863637,0.03406780636684486,0.015607539948871249,0.064310598,0.00028094705774497106,3.1497262178033476e-18,0.00016067648292864272,0.017738802553196594,28.0,2,2.7041765358578474e-06
482,27.140055062196964,3.2776094308333406,0.9671618866025793,0.2893285298084598,0.000151044,0.0,6.31075998249083e-20,-3.6729604693008338e-09,0.0,81.0,2,2.9139714384302075e-06
483,27.131835712500003,3.304861533636359,0.005820758577254035,0.022982218205219243,0.120438254,0.0009138172720336426,1.9158648796148923e-19,2.788940709732439e-05,0.04751927904899717,113.0,2,3.3255289820853674e-06
484,27.009838805606055,3.289699788560611,0.005860226037013079,0.07225042873096658,0.25277984,7.689077369862365e-05,1.10368347835603e-20,3.740269472064473e-05,0.023827315501109583,148.0,2,3.410956410581445e-06
485,26.97437931409091,3.1448307887121167,0.007575950263977355,0.0002058631503726641,0.001100852,0.000603296839789201,3.793676523065722e-18,7.417608533755435e-05,0.7216646742704741,6.0,2,3.0204948118751634e-06
486,27.0406851005303,3.172125645606066,0.4948453608247423,0.010309968486578964,5.82e-05,0.0,2.94922482845581e-21,5.8895347099072574e-08,0.5051546391752577,17.0,2,2.914966381633241e-06
487,26.85506408757576,3.331203991439395,0.9418809682163988,0.0675546727080564,0.00575863,4.731739919915302e-05,8.654549552080668e-20,2.5149988981656334e-07,0.05787939145248089,43.0,2,3.2857897569375597e-06
488,26.9431329830303,3.0709104985606075,0.2761677765200512,0.3749958079913977,0.02797817,0.00019222693424655914,-2.551161779572547e-19,0.00014820110062642975,0.07300159374254998,22.0,2,2.9746070411852477e-06
489,27.096991590303027,3.076894436287887,0.02631552386527336,0.010789990547989263,0.065192926,0.0,4.057287817348103e-19,9.980681078572672e-05,0.39549861590811247,52.0,2,2.93459485156281e-06
490,26.765825278257577,3.292807529772727,0.05596183574166274,0.8029417987304083,0.079007326,0.0,2.9422437998360887e-19,8.956889948766948e-06,0.0006062728917062704,55.0,2,3.588555939625988e-06
491,26.85719532257576,3.0532383117424224,0.0009651420336855482,0.0010925700720323453,0.180030497,0.000606254177239148,-1.953257976368419e-18,0.0002027560760366134,0.20738340237987563,131.0,2,3.0426139759470454e-06
492,26.818012166287875,3.0740643784848523,0.9740219602728649,0.9375822092879798,0.07357495100000001,0.007606271921263848,-3.200872315501978e-20,-1.4672319790397322e-06,0.00021107727275278783,22.0,2,2.8828328022132667e-06
493,26.879319328181825,3.257453425757568,0.004537957807011263,0.0006549834072287883,0.003393597,0.0005293634035405244,1.1608093107478282e-18,6.628548928902848e-06,0.2206384553027363,13.0,2,3.0833401057089275e-06
494,26.777284152272724,3.049510733333335,0.04779995924436002,0.5549744526744488,0.27363084000000004,0.0014845833998734259,-2.376456812640349e-19,0.0001861955905173404,0.6528493973851777,404.0,2,2.6653951036861387e-06
495,26.84673518787878,3.0535122819696987,0.5749204924786325,0.7879352815274921,0.033354706000000005,0.015324922665625683,-2.6414275782594606e-19,0.00027043491377481255,0.14461365661565115,21.0,2,2.8615394437968e-06
496,26.704466088560608,3.0387223506060543,0.004870113368776436,0.03513101734692599,0.015543785999999999,0.005654429204298785,-2.167486798284144e-19,0.0002065110043361543,0.13160024205171122,10.0,2,2.687432630308877e-06
497,26.57470063272727,3.0759116904545465,0.5058558088867638,0.8113761814146642,0.069952078,5.914674899894127e-06,1.2463372756653536e-18,2.621564055296121e-05,0.22452419497816772,179.0,2,3.0828924157948357e-06
498,26.843337533787874,3.2003987653030315,0.04815834869093739,0.14022172342877356,0.018831605,0.0003105204322444417,-4.331526199639652e-19,2.3931358265338096e-05,0.2756196829744464,40.0,2,3.1236441907845563e-06
499,26.688610274242425,3.0618162408333305,0.10378113783008078,0.0020574818726706566,0.0027803800000000003,0.0002425016708956592,1.582232277895258e-17,3.917340982014433e-06,0.04651162790697674,26.0,2,2.8859978359218707e-06
500,26.788459224772726,3.2153792152272693,0.0007860698229707025,0.0001833368142552797,0.004706960999999999,4.436006174920596e-05,2.3793362450638753e-19,4.454595605593675e-06,0.47968360052271536,32.0,2,3.4850045525579725e-06
501,26.735774992424243,3.0389367128030287,0.12816561362161272,0.7817360447016285,0.069904733,0.00022180030874602977,8.804345003891926e-20,0.00031070548575360405,0.4616000464517904,99.0,2,2.8366549031866453e-06
502,26.667844314015152,3.039148840303028,0.004783895958773394,0.05870663481474047,0.10234419900000001,0.006174920595489469,-4.946125141907868e-19,0.0002193265924320584,0.2238099200913185,44.0,2,2.8050885399018026e-06
503,26.90377534848485,3.200283222803023,0.9740847511443579,0.9956473612225799,0.003895853,8.87201234984119e-06,1.3568225279804705e-18,-1.082774640223086e-08,0.0,148.0,2,2.916680897983268e-06
504,26.54937947818182,3.0495152971212107,0.015047843665196925,0.00026228796197850065,0.004718284,0.0007008889756374541,5.7486663896565766e-18,1.6513219874486615e-05,0.12494881613739234,31.0,2,2.8384317266194444e-06
505,26.725643024924242,3.087986375833335,0.4003724580027413,0.9868081292299962,0.011359669999999999,2.6616037049523572e-05,1.9601799931080236e-20,-2.577087253875281e-06,0.00763226396541449,83.0,2,2.7977939245552624e-06
506,26.618958773333336,3.0313574090909015,0.05428723432050591,0.0555990985383333,0.015960161,0.00012716551034772374,-1.269801649607704e-18,0.00036159049612055107,0.6784156500676903,32.0,2,2.756707972035582e-06
507,26.747360160530306,3.1714684599999963,0.0001485610865209044,0.0006111390009058092,0.03170413,0.0003667098437934359,-8.02896819076768e-19,2.720921757223589e-05,0.015450920747549297,27.0,2,2.942548018888139e-06
508,26.745806652651513,3.1693347937878826,0.00013966276155983075,0.005478426722097222,0.069596218,0.0002839043951949181,-6.687545926672314e-21,0.0001000838295234563,0.428966657354858,30.0,2,2.8595386935194184e-06
509,26.660259739545452,3.1624763179545496,0.9923785445835724,0.27029692183119336,0.001029987,1.774402469968238e-05,-1.318413689794807e-19,1.277044481654728e-08,0.0,38.0,2,2.768007045016327e-06
510,26.630644380757573,3.142007289015151,0.8094162329973302,0.7428316259919546,0.047775071,0.001579218198271732,-7.0482376778517635e-19,4.685364823820398e-06,0.005983601782611689,18.0,2,2.993703744751053e-06
511,26.61922712401515,3.1435852350757543,0.9204878996791824,0.8120407179074568,0.07665854600000001,0.0035133168905371113,-7.239772433151281e-19,2.3990621267960463e-06,0.009772856897129251,26.0,2,3.068085604536416e-06
512,26.11603590189394,3.198243739545454,0.773625681574175,0.027577344062826026,0.004760487000000001,0.01880275150676343,-1.55566071092725e-17,4.2419374464849375e-05,0.10015592942486765,17.0,2,3.491542646572802e-06
513,25.920849928106062,3.0080306728787853,0.11266130631587415,0.3750483241928598,0.44800028199999997,0.007405172974667447,-1.7672220573687027e-18,3.2839800070003014e-05,0.8867208994301482,514.0,2,2.6439107453289276e-06
514,26.57771595121212,3.1082988309090887,0.004808558254464825,0.011228994003222042,0.032106921,0.00014786687249735317,4.444373859315547e-19,1.037164291626066e-05,0.06421023678975633,32.0,2,3.375711999468014e-06
515,26.233789025454545,3.0118688421212134,0.06428388173144872,0.07960590096951081,0.01333034,0.004078168343477,-5.048023039412753e-19,7.099564691490491e-05,0.7448143858296189,52.0,2,2.7277190498114467e-06
516,26.456732061439393,3.119847641590912,0.712391463148303,0.05813800021725446,0.000531156,5.914674899894127e-06,-2.250497021041424e-19,4.561227556514323e-08,0.0,3.0,2,2.930034514677901e-06
517,26.46808451810606,3.12075773416667,0.9995946002049793,0.043809037508682556,0.006142085,3.844538684931182e-05,-1.8382356474571645e-18,-5.438054495030422e-10,0.0,46.0,2,2.6064436596978813e-06
518,26.588821265454545,3.0405358564393943,0.06395220899835,0.9324046650700752,0.010288464,0.0010350681074814722,-1.0313985518778645e-19,-2.627014766496343e-06,0.012040670016437825,26.9999981,2,3.0552932738086177e-06
519,26.232796667272726,3.05784360121212,1.0,0.006386657682925306,5.42e-05,0.0,9.17164512887011e-19,0.0,0.0,63.0,2,2.6952954441904412e-06
520,26.350945766742427,3.0973981302272726,0.07705855805424966,0.6865504509412264,0.14189429799999997,3.844538684931182e-05,-8.884974099236966e-19,2.4214075095688595e-05,0.0,50.0,2,2.535739195103984e-06
521,26.350537918409092,3.0991750712878776,0.2822205990523712,0.03159086787700643,0.000778997,0.00010646414819809429,2.574206322590976e-19,1.7019687522526367e-07,0.05198993064158142,50.0,2,2.576886398758344e-06
522,25.948554000606062,2.998737973787879,0.027057006379914556,0.01340785865397307,0.032370025999999996,0.001114916218630043,-2.9717706628535962e-18,0.00013991430882116034,0.9728914026822221,30.0000019,2,2.606756068518689e-06
523,26.36333057409091,3.005516655757578,0.07740094291915996,0.5778226441812151,0.078931687,0.0,-3.9027702738824054e-19,3.081317585878509e-05,0.07576448986830853,31.0,2,2.903415789834381e-06
524,25.881855121666664,2.9992047704545435,0.020652616542860523,0.11274179993542965,0.019935197999999998,5.914674899894127e-06,1.671110753969671e-19,-3.606537930850178e-06,0.10494693857567906,98.0,2,2.7370339519799183e-06
525,26.047456798257578,3.0325214905303,0.9952448700685197,1.0,0.22899185000000005,0.0,-8.624559637583995e-20,5.727158086269218e-07,3.681353725034319e-05,24.0,2,2.5288211095164543e-06
526,26.264595761363637,2.9758210745454576,0.31104328011996674,0.2761424248771629,0.062338598,0.0,9.808460832611475e-19,4.461773719642439e-05,0.08720821729099522,16.0,2,2.9996195985271135e-06
527,26.259726748030303,2.9755860862121146,0.9073740878763822,0.4108506610366419,0.042922773,0.00012420817289777666,-3.58084158404749e-18,4.265510811784336e-05,0.0921124317853369,11.0,2,2.9661917547126465e-06
528,26.098144947575758,2.948735969924247,0.14634127149518703,0.11544110215631989,0.015758644,2.9573374499470636e-05,-2.202496214254408e-21,4.420495285173193e-06,0.12105749707906341,20.0,2,2.693980694023357e-06
529,26.09222394439394,2.951695804545448,0.9654988443049328,0.9029659288161822,0.146072701,0.0038800267343305473,4.7984841381567225e-19,1.3687275823610641e-06,0.014584771729523915,47.0,2,2.708999554146285e-06
530,25.827255142196964,2.9750433272727292,0.03231771786564266,0.9793814432989691,0.0014697820000000002,4.731739919915302e-05,9.878597221336406e-19,8.823651548506311e-06,0.7310471893110678,12.0,2,2.6774725300803397e-06
531,25.621527067575755,2.999681478409091,0.08700741533185807,0.06339382598563606,0.0027294800000000003,6.50614238988354e-05,3.7413148083863783e-19,1.6371819593106663e-05,0.36545642393422917,24.0,2,2.772273303742605e-06
532,25.57389255128788,2.9838235131060635,0.021985392505929607,0.2948010754663473,0.186860935,0.0024072726842569096,8.796670105910772e-19,0.0001600879984224151,0.19853421476243813,512.0,2,2.8186567522271027e-06
533,25.740093661742424,3.0053899846212175,0.9889581375803922,1.0,0.035086743999999996,0.0,-2.825385166749748e-20,1.1488304517906463e-06,0.010226739762458437,61.0,2,2.6688437115782457e-06
534,25.852016093030304,2.9962555656818175,0.04877272781382161,0.9758444925865397,0.023689366,5.027473664910008e-05,-4.8874613291141064e-20,1.0135477398036193e-05,0.8162114173929349,52.0,2,2.6204298303650245e-06
535,25.844109814469697,2.921240185909088,0.03856766150907126,0.006528818480716472,0.004024356000000001,0.000884243897534172,-2.250772218122494e-19,1.3288434394287922e-06,0.7648428717538904,83.0,2,2.6635101646176065e-06
536,25.738907127500003,2.895771274469695,0.05623290518284945,0.054309238131363034,0.011735282000000001,0.0013396738648260198,-1.5194015312210084e-19,4.014792791790056e-06,0.11870417770957697,52.0,2,2.6553211231186137e-06
537,25.52923515856061,2.970888514848486,0.23595916804589337,0.9719653466625843,0.005260194,0.0009877507082823192,-1.6620386076736574e-19,2.2235043732952064e-05,0.7640408319541067,14.0,2,2.688299165247112e-06
538,25.825308200000006,2.896626499015145,0.3700018966577983,0.9702227741205852,0.045422005,0.0007541210497365012,-1.0277145140825451e-19,1.0591350125603685e-05,0.12921329650683627,46.0,2,2.726357013465446e-06
539,25.31484376356061,3.1214153145454517,1.0,0.01264342744676318,9.97e-06,0.0,-6.262460340547097e-20,0.0,0.0,15.0,2,3.1105275364278097e-06
540,25.65808042151515,2.8921111318181794,0.16648832176042946,0.7231954880560649,0.161157766,0.00018335492189671795,-3.5005777279015764e-18,-9.644396484949738e-06,0.027683921853322288,119.0,2,2.723856488079753e-06
541,25.510442430151514,2.9685388678787916,1.0,0.012498419802573692,0.000134361,0.0,-7.834444868634413e-19,0.0,0.0,20.0,2,2.435078354211378e-06
542,25.450220036363643,2.979196796515147,0.8695203432845565,0.9637396399695409,0.101138019,6.210408644888833e-05,3.4555447774159717e-19,4.980209709614857e-06,0.025529232483780407,45.0,2,2.78385862847188e-06
543,25.523028742196974,2.872343649166666,0.05656459390573082,0.006874277202397208,0.002977092,0.0018986106428660148,1.99717075535971e-19,5.683798689773003e-06,0.12478351357633555,23.0,2,2.5153772863637927e-06
544,25.54112946848485,2.8782902362878815,0.5214288769218001,0.09259233275763798,0.025602625,0.0010557694696311016,6.387709314713491e-19,5.29624230547452e-06,0.09138195790470703,55.0,2,2.5885893896890067e-06
545,25.265281343863638,2.9350870840909025,0.964951207275451,0.03319925137641586,0.0007075849999999999,2.9573374499470636e-05,9.828120345528924e-20,-6.2319105208690915e-09,0.0,40.0,2,2.8336940480284883e-06
546,25.16280409454545,2.9151765815151514,0.0024063540554269884,0.9101229895931883,0.019988746,0.0,2.6299032458577564e-19,4.875810197735541e-06,0.0,28.0,2,2.5454032370342794e-06
547,25.279142599469697,2.8293923677272765,0.006883604766174632,0.01072861345000412,0.007205527,1.1829349799788254e-05,-9.515716682016024e-20,5.944315563820254e-07,0.1553461669077085,56.0,2,2.7056973564453665e-06
548,24.9232502975,2.977555934166663,0.12532047180510017,0.07785045038130273,0.000226619,0.0019814160914645327,-1.3221218200470656e-19,1.1254813453583517e-05,0.8746795281948999,11.0,2,3.0102861158677225e-06
549,24.791005959621213,3.017968262272724,0.8740998262256887,0.9969183189804777,0.02845645,0.00018335492189671795,-2.512652289347548e-19,3.279819794696844e-05,0.11434595671631563,32.0,2,2.7579604463307075e-06
550,24.998917426439395,2.906614774848485,0.6057093050224825,0.45213057075840507,0.000534636,2.0701362149629445e-05,-7.649949637919997e-20,1.7286680519118303e-07,0.0,22.0,2,2.6381063470739863e-06
551,25.066032871969696,2.8051188248484884,0.3322423351754242,0.6179592636670278,0.056353899,0.00035192315654370055,-2.1481452203270626e-20,1.2853210549444083e-05,0.297533698599985,142.0,2,2.742679682815811e-06
552,25.086137290833335,2.8240000828787863,0.05714905776395269,0.4735737835947647,0.00082941,0.0007334196875868718,2.7157180404414647e-19,3.9042297986426944e-06,0.746205133769788,14.0,2,2.846237685116706e-06
553,24.766137700909088,2.895512284166678,0.4274891774891775,0.033688641895706785,9.24e-05,3.548804939936476e-05,-4.74366627188802e-19,-2.9299655389917026e-08,0.0,48.0,2,2.869169098490739e-06
554,24.934977302272728,2.81196461310606,0.06691420634460217,0.20861979305107556,0.010497711,6.50614238988354e-05,5.593228765634705e-19,1.0172254944005057e-05,0.1424428620677403,33.0,2,2.5046801794030163e-06
555,24.3959317289394,3.0693938311363596,0.18855076345792376,0.6997713757648004,0.008642585,0.0,-2.1140359455634052e-19,2.447217705144861e-05,0.7890370762914106,44.0,2,2.7572720819915568e-06
556,24.51614637325758,2.912494384999995,0.9146912265331942,0.9081342258538002,0.011693006,0.0002513736832455004,1.2305570720422902e-18,7.644253914497141e-08,0.0013084744846620278,62.0,2,2.587415612405685e-06
557,24.265154971818184,3.0941033708333343,0.8996262641293707,0.9796324297442233,0.010019642999999998,0.0,-3.360852883916088e-19,1.5167253494933941e-06,0.03059619988456675,52.0,2,2.7277045244111287e-06
558,24.693244678409087,2.779222600000004,0.0004756283849465353,0.005944658268932869,0.005760799999999999,0.0,3.1084153602178096e-19,1.6790721519197772e-05,0.528458547423969,19.0,2,2.807721649014298e-06
559,24.416437727575758,2.7368771730303045,0.07234073099240294,0.992496400617171,0.002925475,0.0,7.385466002130777e-19,1.986003323848816e-05,0.7778791478306942,9.0,2,3.204734212987806e-06
560,24.131838866060605,2.947023296060607,0.9699282070248552,0.9987896651931514,0.061257804,0.000839883835784966,4.30233678932011e-20,1.1552373118898508e-06,0.007928051093702282,47.0,2,2.94579206906851e-06
561,24.22586403530303,2.6499803534848496,0.9439733696660649,1.0,0.000975429,0.0,-4.9554144208735715e-21,1.8688657898502004e-07,0.03388252758529836,22.0,2,0.0005255682050385304
562,22.626852026969694,3.0826785899242424,0.8999693599841393,0.373796164945521,0.000332898,0.0002454590083456063,2.7703354426879194e-19,2.6658344225983417e-07,0.10003064001586073,19.0,2,3.126228453637772e-06
563,21.6869949625,3.1729253471969727,0.9967466929918812,1.0,0.004641431,0.0,-5.44834840996035e-19,1.0054627183099256e-08,0.0032533070081188324,46.0,2,3.0169797691021834e-06
564,27.781918126212123,3.174982609696965,0.0818780484899235,0.013179535747290916,0.026609281,0.000975921358482531,7.276860049861702e-18,-3.859936940586087e-05,0.004937713273800971,31.0,2,3.555442827120006e-06
565,26.972417159545454,3.081689708106058,0.7837407035470291,0.7376331202022334,0.305728702,1.1829349799788254e-05,1.1604351377383927e-19,3.0339308274739176e-05,0.08941068935032473,400.0,2,2.816763005590264e-06
566,27.705148940757578,3.1679819709848402,0.12036574678464848,0.1357288779313964,0.36829480300000006,0.022895706537490165,1.5814105125237806e-17,-2.0497602255735443e-05,0.005599117834958968,458.0,2,3.2864459434193964e-06
567,27.688878077348487,3.1301381580302987,0.002702295619775746,0.005837791236574026,0.343033898,0.000978878695932478,1.3205243647694558e-18,-0.00014772183121336197,4.617619451707948e-05,260.0,2,2.989347930376428e-06
568,27.324142737196965,3.1415533321969704,0.43199561634343103,0.7734374457290354,0.7512887810000001,0.0008103104612854954,6.462437871076691e-18,0.00014379808198563225,0.0011195668313859727,1515.0,2,2.9463033732450554e-06
569,27.378318233257573,3.188545943030306,0.3273152439680771,0.32821765797456487,0.261569119,0.004024936269377954,-1.982057096575065e-18,4.009592815324264e-05,0.140065842405502,165.0,2,2.9967398779572702e-06
570,27.992651541439397,3.477847271060604,0.04176372401657086,0.0893323279006366,0.056697578000000005,0.0007127183254372424,4.247811422162014e-19,-1.6219589253384598e-06,0.0,75.0,2,3.2503398662186323e-06
571,27.841331615530304,3.4127909184848484,0.13359749868251258,0.27568691166464315,0.13266160800000001,4.731739919915302e-05,-1.9918938899925532e-19,3.768924566460705e-06,0.0,192.0,2,4.094175948147909e-06
572,27.530507824696972,3.3614850022727225,0.24449303307921516,0.26185324844582225,0.118927217,5.914674899894127e-06,4.3397374395259626e-18,8.311963115292445e-05,0.0,49.0,2,3.920138230229287e-06
573,27.74162632159091,4.132334677121211,1.0,0.00890584969068841,3.74e-05,0.0,-6.876001943151334e-19,0.0,0.0,6.0,2,6.450415418530453e-06
574,27.719351783257572,4.133033024621216,1.0,0.004277476018554463,4.11e-06,0.0,5.148865754655608e-19,0.0,0.0,1.0,2,6.4220949590599605e-06
575,27.904966763863637,4.169124493863631,0.6784500339904826,0.009238853619344047,0.0001471,8.87201234984119e-06,-2.255003416344847e-19,-3.975644727015447e-08,0.0,2.0,2,6.209300790436895e-06
576,27.90443052628788,4.1911663650757625,0.08418706531218298,0.09794858891946802,0.008078355,0.0,-3.0477940190740714e-19,-3.101641430451841e-07,0.0,7.0,2,6.369387553398865e-06
577,27.77826009719697,4.200781123484852,0.08300112120654198,0.06580715494571675,0.003329449,0.0,4.970342743300089e-20,2.944461076648776e-07,0.0,4.0,2,5.689556923135192e-06
578,27.97126705037879,4.218182567045449,0.6326116162760603,0.9957809140667283,0.011173908,2.365869959957651e-05,-4.456281712013755e-20,-4.195824547587675e-07,0.0,6.0,2,5.924192799365089e-06
579,27.77989186765151,4.23386399,0.30114713470280413,0.6020181749224296,0.001338814,2.6616037049523572e-05,-3.2216778812383104e-20,2.9910544373016323e-07,0.0,1.0,2,4.799056991340679e-06
580,27.853955595151522,4.251632382272721,0.23164712432515844,0.999216165998052,0.010070697,0.0,5.828859677415008e-19,-2.990984408085398e-08,0.0,15.0,2,5.306323925672491e-06
581,27.839228624621214,4.2670465361363625,0.00041238031692252116,1.0,0.002424946,0.0,1.3186573131175069e-19,-8.852943744826635e-08,0.0,5.0,2,5.773726032638702e-06
582,27.795739323181817,4.265061572424241,0.0016293146288013946,0.10893246187363834,0.000613755,8.87201234984119e-06,-1.772111207850712e-20,-2.5219411694852967e-08,0.0,1.0,2,5.609196048773669e-06
